timestamp,time_readable,x,y
1744733394.7867334,2025-04-15 12:09:54.786733,,
1744733394.8025658,2025-04-15 12:09:54.802566,,
1744733394.853561,2025-04-15 12:09:54.853561,,
1744733394.853561,2025-04-15 12:09:54.853561,,
1744733394.853561,2025-04-15 12:09:54.853561,0.1734435632824897,1.03154456615448
1744733394.8693027,2025-04-15 12:09:54.869303,,
1744733394.8852284,2025-04-15 12:09:54.885228,0.1718949973583221,1.0247809886932373
1744733394.9009633,2025-04-15 12:09:54.900963,0.1311130076646804,0.8521604835987091
1744733394.9171205,2025-04-15 12:09:54.917120,0.1091735251247882,0.6755000054836273
1744733394.9328146,2025-04-15 12:09:54.932815,,
1744733394.9488058,2025-04-15 12:09:54.948806,0.1651570796966552,0.388921245932579
1744733394.9647682,2025-04-15 12:09:54.964768,0.1726372987031936,0.38180673122406
1744733394.9808133,2025-04-15 12:09:54.980813,0.1739278212189674,0.3727895766496658
1744733394.9967034,2025-04-15 12:09:54.996703,0.1736251562833786,0.3750573992729187
1744733395.0127673,2025-04-15 12:09:55.012767,0.1705517768859863,0.3684768676757812
1744733395.028613,2025-04-15 12:09:55.028613,0.172102466225624,0.3801036477088928
1744733395.0513344,2025-04-15 12:09:55.051334,0.169407419860363,0.3782234787940979
1744733395.0604336,2025-04-15 12:09:55.060434,0.1752365007996559,0.3762853294610977
1744733395.0920289,2025-04-15 12:09:55.092029,0.1704064905643463,0.3692254424095154
1744733395.1079783,2025-04-15 12:09:55.107978,0.1682870015501976,0.3751768171787262
1744733395.1237783,2025-04-15 12:09:55.123778,0.1700163930654525,0.3738348931074142
1744733395.1394205,2025-04-15 12:09:55.139420,0.1671983003616333,0.3787179440259933
1744733395.155352,2025-04-15 12:09:55.155352,0.1692630127072334,0.3885166049003601
1744733395.1710336,2025-04-15 12:09:55.171034,0.1389216631650924,0.3773223161697387
1744733395.186688,2025-04-15 12:09:55.186688,0.1380250081419944,0.377656951546669
1744733395.202405,2025-04-15 12:09:55.202405,0.1377522423863411,0.3805273324251175
1744733395.218209,2025-04-15 12:09:55.218209,0.1338242813944816,0.3808674961328506
1744733395.2340648,2025-04-15 12:09:55.234065,0.1350918263196945,0.3814721554517746
1744733395.250137,2025-04-15 12:09:55.250137,0.1356357187032699,0.3810329586267471
1744733395.2682111,2025-04-15 12:09:55.268211,0.1368526294827461,0.382325604557991
1744733395.28478,2025-04-15 12:09:55.284780,0.13544462621212,0.3780437707901001
1744733395.3090434,2025-04-15 12:09:55.309043,0.1359806135296821,0.3804416060447693
1744733395.3130562,2025-04-15 12:09:55.313056,0.141295276582241,0.3744976669549942
1744733395.3289478,2025-04-15 12:09:55.328948,0.1367693170905113,0.3765017837285995
1744733395.3446198,2025-04-15 12:09:55.344620,0.1369837820529937,0.3747497051954269
1744733395.3611827,2025-04-15 12:09:55.361183,0.1367180421948433,0.3755760043859482
1744733395.3922515,2025-04-15 12:09:55.392252,0.1400499790906906,0.3750572651624679
1744733395.408347,2025-04-15 12:09:55.408347,0.1415813788771629,0.3748307824134826
1744733395.42407,2025-04-15 12:09:55.424070,0.1384214013814926,0.3823853135108948
1744733395.4401174,2025-04-15 12:09:55.440117,0.1373792812228202,0.3855758607387543
1744733395.4560835,2025-04-15 12:09:55.456084,0.1820413619279861,0.3770190924406051
1744733395.4721034,2025-04-15 12:09:55.472103,0.1931632235646248,0.3800306022167206
1744733395.4881363,2025-04-15 12:09:55.488136,0.1917158737778663,0.3689666539430618
1744733395.5038402,2025-04-15 12:09:55.503840,0.1899333894252777,0.3793585896492004
1744733395.5195377,2025-04-15 12:09:55.519538,0.1895323097705841,0.3798002451658249
1744733395.5352108,2025-04-15 12:09:55.535211,0.1893095225095749,0.3744181543588638
1744733395.5511885,2025-04-15 12:09:55.551188,0.188561663031578,0.3742989152669906
1744733395.566929,2025-04-15 12:09:55.566929,0.1870907098054886,0.3694766461849212
1744733395.5919683,2025-04-15 12:09:55.591968,0.1880432590842247,0.369523674249649
1744733395.5987232,2025-04-15 12:09:55.598723,0.1856979355216026,0.3697140216827392
1744733395.6192808,2025-04-15 12:09:55.619281,0.1978459805250167,0.3664618283510208
1744733395.6360912,2025-04-15 12:09:55.636091,0.216196671128273,0.3705167770385742
1744733395.6464658,2025-04-15 12:09:55.646466,0.2194301784038543,0.3701203316450119
1744733395.6696515,2025-04-15 12:09:55.669652,0.2186985835433006,0.3683332949876785
1744733395.680021,2025-04-15 12:09:55.680021,0.2184732630848884,0.3648294657468796
1744733395.6937428,2025-04-15 12:09:55.693743,0.2166278660297393,0.3771177381277084
1744733395.7251444,2025-04-15 12:09:55.725144,0.2183635830879211,0.3706007152795791
1744733395.7411034,2025-04-15 12:09:55.741103,0.2144384384155273,0.3627569675445556
1744733395.7569857,2025-04-15 12:09:55.756986,0.2173757702112198,0.3670017123222351
1744733395.7727163,2025-04-15 12:09:55.772717,0.21626827865839,0.3671214133501053
1744733395.7885673,2025-04-15 12:09:55.788567,0.2168759629130363,0.3632360249757767
1744733395.8044364,2025-04-15 12:09:55.804436,0.2155353352427482,0.3669645339250564
1744733395.8202064,2025-04-15 12:09:55.820206,0.2153792679309845,0.3707969039678573
1744733395.8362029,2025-04-15 12:09:55.836203,0.2168822735548019,0.367835134267807
1744733395.8521354,2025-04-15 12:09:55.852135,0.2159205600619316,0.3665982484817505
1744733395.8679214,2025-04-15 12:09:55.867921,0.2127404138445854,0.3702591955661773
1744733395.884139,2025-04-15 12:09:55.884139,0.1546006202697754,0.4227750897407532
1744733395.903356,2025-04-15 12:09:55.903356,0.1405254900455474,0.4484374076128006
1744733395.9162543,2025-04-15 12:09:55.916255,0.1396539509296417,0.4554602205753326
1744733395.936766,2025-04-15 12:09:55.936766,0.1378533393144607,0.4482189267873764
1744733395.9486122,2025-04-15 12:09:55.948612,0.1390509605407714,0.4474159479141235
1744733395.9645348,2025-04-15 12:09:55.964535,0.1400312855839729,0.4446559250354767
1744733395.981222,2025-04-15 12:09:55.981222,0.1356726065278053,0.4393071681261062
1744733396.004238,2025-04-15 12:09:56.004238,0.1362352818250656,0.4508021622896194
1744733396.0139549,2025-04-15 12:09:56.013955,0.1374449804425239,0.4391108453273773
1744733396.0276723,2025-04-15 12:09:56.027672,0.1387133374810218,0.4469871819019317
1744733396.0437446,2025-04-15 12:09:56.043745,0.1429080665111541,0.4413762092590332
1744733396.0755284,2025-04-15 12:09:56.075528,0.1225754246115684,0.4982669353485107
1744733396.091473,2025-04-15 12:09:56.091473,0.1198952496051788,0.4977462142705917
1744733396.1074495,2025-04-15 12:09:56.107450,0.1215415559709072,0.4904730319976806
1744733396.1232202,2025-04-15 12:09:56.123220,0.1215076930820941,0.5029157996177673
1744733396.1390443,2025-04-15 12:09:56.139044,0.120534211397171,0.4912957847118377
1744733396.1551597,2025-04-15 12:09:56.155160,0.12283705919981,0.4909365177154541
1744733396.170867,2025-04-15 12:09:56.170867,0.1225519701838493,0.4970927387475967
1744733396.186787,2025-04-15 12:09:56.186787,0.1200457438826561,0.4947055876255035
1744733396.202809,2025-04-15 12:09:56.202809,0.1207841895520687,0.5026799738407135
1744733396.219005,2025-04-15 12:09:56.219005,0.1202220469713211,0.498632550239563
1744733396.2352118,2025-04-15 12:09:56.235212,0.1231921948492527,0.5006226450204849
1744733396.2512298,2025-04-15 12:09:56.251230,0.1191651821136474,0.496192991733551
1744733396.266866,2025-04-15 12:09:56.266866,0.1192647889256477,0.4995356798171997
1744733396.2827096,2025-04-15 12:09:56.282710,0.1238275468349456,0.5001480877399445
1744733396.298423,2025-04-15 12:09:56.298423,0.1223652511835098,0.5082560479640961
1744733396.3143656,2025-04-15 12:09:56.314366,0.1249455623328685,0.4990521967411041
1744733396.341709,2025-04-15 12:09:56.341709,0.1217718161642551,0.4995157122611999
1744733396.3577733,2025-04-15 12:09:56.357773,0.1221340522170066,0.4971228241920471
1744733396.3751788,2025-04-15 12:09:56.375179,0.1186071969568729,0.5041877925395966
1744733396.3837135,2025-04-15 12:09:56.383714,0.1208604425191879,0.500527560710907
1744733396.407444,2025-04-15 12:09:56.407444,0.1219924427568912,0.5013979822397232
1744733396.425132,2025-04-15 12:09:56.425132,0.1197071522474289,0.506508469581604
1744733396.4341388,2025-04-15 12:09:56.434139,0.1233691833913326,0.5122516751289368
1744733396.4500306,2025-04-15 12:09:56.450031,0.1225518174469471,0.4980462044477463
1744733396.4658694,2025-04-15 12:09:56.465869,0.1213997043669223,0.4973765611648559
1744733396.481573,2025-04-15 12:09:56.481573,0.1189227662980556,0.5099384188652039
1744733396.4974856,2025-04-15 12:09:56.497486,0.1206673197448253,0.4974398463964462
1744733396.5132585,2025-04-15 12:09:56.513258,0.1430074200034141,0.5098907947540283
1744733396.529355,2025-04-15 12:09:56.529355,0.2082574442028999,0.5154875218868256
1744733396.545553,2025-04-15 12:09:56.545553,0.2095064595341682,0.507813423871994
1744733396.561435,2025-04-15 12:09:56.561435,0.208258181810379,0.4992957562208175
1744733396.5819964,2025-04-15 12:09:56.581996,0.2087237909436226,0.5082179009914398
1744733396.5931222,2025-04-15 12:09:56.593122,0.2118967026472091,0.5065048485994339
1744733396.61974,2025-04-15 12:09:56.619740,0.2099217623472213,0.514013797044754
1744733396.6409657,2025-04-15 12:09:56.640966,0.2085435539484024,0.5046297907829285
1744733396.6571028,2025-04-15 12:09:56.657103,0.21267019957304,0.5131624191999435
1744733396.6730285,2025-04-15 12:09:56.673028,0.2098316550254821,0.5118705779314041
1744733396.6886663,2025-04-15 12:09:56.688666,0.207070916891098,0.4997554719448089
1744733396.7044604,2025-04-15 12:09:56.704460,0.2074295356869697,0.5080815851688385
1744733396.7201204,2025-04-15 12:09:56.720120,0.2054963260889053,0.5023731291294098
1744733396.735771,2025-04-15 12:09:56.735771,0.2110276445746421,0.5107011795043945
1744733396.7515752,2025-04-15 12:09:56.751575,0.2106453627347946,0.5137642323970795
1744733396.7672868,2025-04-15 12:09:56.767287,0.2081018686294555,0.5095518529415131
1744733396.7830715,2025-04-15 12:09:56.783072,0.2112446278333664,0.5108383446931839
1744733396.8009875,2025-04-15 12:09:56.800987,0.2085789516568184,0.5111507773399353
1744733396.820248,2025-04-15 12:09:56.820248,0.2078330814838409,0.5092921853065491
1744733396.8370712,2025-04-15 12:09:56.837071,0.2058832794427871,0.5140430331230164
1744733396.853219,2025-04-15 12:09:56.853219,0.2092120423913002,0.5162080526351929
1744733396.8703156,2025-04-15 12:09:56.870316,0.2102401927113533,0.5058529376983643
1744733396.8891225,2025-04-15 12:09:56.889122,0.20994683355093,0.5075971633195877
1744733396.903507,2025-04-15 12:09:56.903507,0.2024163976311683,0.5033333897590637
1744733396.911798,2025-04-15 12:09:56.911798,0.2119098231196403,0.5144141018390656
1744733396.9420247,2025-04-15 12:09:56.942025,0.2088193744421005,0.5073507875204086
1744733396.9581494,2025-04-15 12:09:56.958149,0.2079503685235977,0.5132687538862228
1744733396.9743552,2025-04-15 12:09:56.974355,0.2082222998142242,0.5120172202587128
1744733396.9899964,2025-04-15 12:09:56.989996,0.2050113156437873,0.5200837850570679
1744733397.006009,2025-04-15 12:09:57.006009,0.2092659398913383,0.5062885582447052
1744733397.0217462,2025-04-15 12:09:57.021746,0.2063526213169098,0.5213814675807953
1744733397.0376852,2025-04-15 12:09:57.037685,0.2069796472787857,0.5172441303730011
1744733397.0533462,2025-04-15 12:09:57.053346,0.2102840393781662,0.5174010694026947
1744733397.0692394,2025-04-15 12:09:57.069239,0.2081230878829956,0.513708621263504
1744733397.0852473,2025-04-15 12:09:57.085247,0.2101637348532676,0.5193853676319122
1744733397.1012037,2025-04-15 12:09:57.101204,0.2082986086606979,0.5192309021949768
1744733397.1173403,2025-04-15 12:09:57.117340,0.2098782211542129,0.5264662504196167
1744733397.1335046,2025-04-15 12:09:57.133505,0.2164511531591415,0.5110400766134262
1744733397.1544974,2025-04-15 12:09:57.154497,0.2135779708623886,0.5055422186851501
1744733397.1680236,2025-04-15 12:09:57.168024,0.2210598066449165,0.5202280580997467
1744733397.187745,2025-04-15 12:09:57.187745,0.2130486816167831,0.511332094669342
1744733397.2044384,2025-04-15 12:09:57.204438,0.2154222056269645,0.4985617250204086
1744733397.2128675,2025-04-15 12:09:57.212868,0.2197954058647155,0.5062892884016037
1744733397.232514,2025-04-15 12:09:57.232514,0.2179410681128502,0.514993816614151
1744733397.2544692,2025-04-15 12:09:57.254469,0.2155656367540359,0.5185922682285309
1744733397.260218,2025-04-15 12:09:57.260218,0.2195058986544609,0.4979868531227112
1744733397.2838569,2025-04-15 12:09:57.283857,,
1744733397.2917123,2025-04-15 12:09:57.291713,,
1744733397.3230677,2025-04-15 12:09:57.323068,,
1744733397.3387766,2025-04-15 12:09:57.338777,,
1744733397.3545792,2025-04-15 12:09:57.354579,,
1744733397.3703787,2025-04-15 12:09:57.370379,,
1744733397.3861513,2025-04-15 12:09:57.386151,0.2091268524527549,0.5517916679382324
1744733397.408544,2025-04-15 12:09:57.408544,0.2094265222549438,0.5234951674938202
1744733397.4248412,2025-04-15 12:09:57.424841,0.2068439424037933,0.5187127590179443
1744733397.4362454,2025-04-15 12:09:57.436245,0.2069820240139961,0.510740727186203
1744733397.4519267,2025-04-15 12:09:57.451927,0.207941897213459,0.5129454284906387
1744733397.467841,2025-04-15 12:09:57.467841,0.2087813690304756,0.5111593753099442
1744733397.4843826,2025-04-15 12:09:57.484383,0.2108741626143455,0.5114828944206238
1744733397.502843,2025-04-15 12:09:57.502843,0.2064406275749206,0.5062752515077591
1744733397.516158,2025-04-15 12:09:57.516158,0.2056037411093711,0.5232549905776978
1744733397.5360742,2025-04-15 12:09:57.536074,0.206410638988018,0.5128442943096161
1744733397.5515008,2025-04-15 12:09:57.551501,0.2084907069802284,0.5085656940937042
1744733397.5641742,2025-04-15 12:09:57.564174,0.20632054656744,0.5162472128868103
1744733397.5845048,2025-04-15 12:09:57.584505,0.2093830704689026,0.5107105523347855
1744733397.5955625,2025-04-15 12:09:57.595562,0.2112279683351516,0.5097901821136475
1744733397.614666,2025-04-15 12:09:57.614666,0.2076633125543594,0.5186748802661896
1744733397.638173,2025-04-15 12:09:57.638173,0.2067435905337333,0.5074343681335449
1744733397.6428003,2025-04-15 12:09:57.642800,0.2203925400972366,0.506897360086441
1744733397.6745503,2025-04-15 12:09:57.674551,0.2322898134589195,0.4922366738319397
1744733397.6902778,2025-04-15 12:09:57.690278,0.2387718558311462,0.500089019536972
1744733397.706179,2025-04-15 12:09:57.706179,0.2316125109791755,0.4890746176242828
1744733397.7218635,2025-04-15 12:09:57.721864,0.2345084249973297,0.4962264746427536
1744733397.7377236,2025-04-15 12:09:57.737724,0.2327368482947349,0.4987198263406753
1744733397.7534237,2025-04-15 12:09:57.753424,0.2264814376831054,0.4971997439861297
1744733397.7694533,2025-04-15 12:09:57.769453,0.2321429476141929,0.5031958520412445
1744733397.7848327,2025-04-15 12:09:57.784833,0.231849230825901,0.5046866238117218
1744733397.8007205,2025-04-15 12:09:57.800720,0.2341264635324478,0.5178366899490356
1744733397.8220658,2025-04-15 12:09:57.822066,0.2282246127724647,0.5036648809909821
1744733397.839127,2025-04-15 12:09:57.839127,0.2312537506222725,0.5136167109012604
1744733397.864384,2025-04-15 12:09:57.864384,0.2347946614027023,0.5098596811294556
1744733397.864384,2025-04-15 12:09:57.864384,0.2322664707899093,0.5054638385772705
1744733397.8852491,2025-04-15 12:09:57.885249,0.2122229784727096,0.5189248919487
1744733397.8961158,2025-04-15 12:09:57.896116,0.2114887982606887,0.5348731279373169
1744733397.9120698,2025-04-15 12:09:57.912070,0.2119517028331756,0.542781412601471
1744733397.9279013,2025-04-15 12:09:57.927901,0.2074190154671669,0.524989664554596
1744733397.947098,2025-04-15 12:09:57.947098,0.210692785680294,0.5368143022060394
1744733397.9595623,2025-04-15 12:09:57.959562,0.2072091922163963,0.5329769849777222
1744733397.9914944,2025-04-15 12:09:57.991494,0.2083985283970832,0.533012866973877
1744733398.007485,2025-04-15 12:09:58.007485,0.214139349758625,0.5411844253540039
1744733398.0233564,2025-04-15 12:09:58.023356,0.2124414518475532,0.5307213366031647
1744733398.0392191,2025-04-15 12:09:58.039219,0.2126697227358818,0.5334742665290833
1744733398.0550766,2025-04-15 12:09:58.055077,0.2141505405306816,0.5345578491687775
1744733398.0710835,2025-04-15 12:09:58.071084,0.2142085433006286,0.529438704252243
1744733398.086431,2025-04-15 12:09:58.086431,0.2128097414970398,0.530263215303421
1744733398.1026082,2025-04-15 12:09:58.102608,0.2145644947886467,0.5298677682876587
1744733398.1188295,2025-04-15 12:09:58.118830,0.2132898792624473,0.5226807594299316
1744733398.1349044,2025-04-15 12:09:58.134904,0.1929114460945129,0.533781886100769
1744733398.1551735,2025-04-15 12:09:58.155174,0.1384767070412635,0.6150916516780853
1744733398.166682,2025-04-15 12:09:58.166682,0.1391211375594139,0.6320476531982422
1744733398.1867695,2025-04-15 12:09:58.186769,0.1321489289402961,0.6337577998638153
1744733398.1987154,2025-04-15 12:09:58.198715,0.1386416181921959,0.6345034241676331
1744733398.2224748,2025-04-15 12:09:58.222475,0.1304778084158897,0.6315554976463318
1744733398.2375224,2025-04-15 12:09:58.237522,0.1288672089576721,0.6388016939163208
1744733398.2467177,2025-04-15 12:09:58.246718,0.136781170964241,0.6431659758090973
1744733398.270635,2025-04-15 12:09:58.270635,0.1365022659301757,0.6321950256824493
1744733398.287105,2025-04-15 12:09:58.287105,0.1350557878613472,0.6303337514400482
1744733398.2947018,2025-04-15 12:09:58.294702,0.1399470418691635,0.6426633298397064
1744733398.3209395,2025-04-15 12:09:58.320940,0.1218623630702495,0.673732578754425
1744733398.3421106,2025-04-15 12:09:58.342111,0.1193255148828029,0.6605971455574036
1744733398.357767,2025-04-15 12:09:58.357767,0.1178794279694557,0.661799967288971
1744733398.3734052,2025-04-15 12:09:58.373405,0.1202322319149971,0.6659721732139587
1744733398.3894174,2025-04-15 12:09:58.389417,0.1251998022198677,0.6672353148460388
1744733398.4051275,2025-04-15 12:09:58.405128,0.1185441613197326,0.6667184233665466
1744733398.424755,2025-04-15 12:09:58.424755,0.1188873499631881,0.6639280319213867
1744733398.4415028,2025-04-15 12:09:58.441503,0.1290376000106334,0.6773739457130432
1744733398.453943,2025-04-15 12:09:58.453943,0.1229414083063602,0.6738369762897491
1744733398.469308,2025-04-15 12:09:58.469308,0.1253703013062477,0.6687284708023071
1744733398.4877615,2025-04-15 12:09:58.487761,0.1264949887990951,0.675741046667099
1744733398.501138,2025-04-15 12:09:58.501138,0.1279089376330375,0.6752291619777679
1744733398.5171533,2025-04-15 12:09:58.517153,0.1359704583883285,0.6684646010398865
1744733398.533176,2025-04-15 12:09:58.533176,0.1223621666431427,0.6628378033638
1744733398.5492342,2025-04-15 12:09:58.549234,0.1258161254227161,0.6643643379211426
1744733398.5651178,2025-04-15 12:09:58.565118,0.1265344023704528,0.6720820665359497
1744733398.587904,2025-04-15 12:09:58.587904,0.1280051097273826,0.6649978160858154
1744733398.5973268,2025-04-15 12:09:58.597327,0.1256643570959568,0.6617688834667206
1744733398.613093,2025-04-15 12:09:58.613093,0.1292512938380241,0.6687490940093994
1744733398.6292088,2025-04-15 12:09:58.629209,0.1245394311845302,0.6672444939613342
1744733398.6448798,2025-04-15 12:09:58.644880,0.1238677762448787,0.6702940762042999
1744733398.671234,2025-04-15 12:09:58.671234,0.1253359951078891,0.6628833413124084
1744733398.6879866,2025-04-15 12:09:58.687987,0.1234331727027893,0.6688854098320007
1744733398.7086868,2025-04-15 12:09:58.708687,0.1234253048896789,0.6647667288780212
1744733398.7247949,2025-04-15 12:09:58.724795,0.1270354986190796,0.6701125502586365
1744733398.740674,2025-04-15 12:09:58.740674,0.1189003065228462,0.6622539758682251
1744733398.7565746,2025-04-15 12:09:58.756575,0.1272337958216667,0.6644646227359772
1744733398.7727146,2025-04-15 12:09:58.772715,0.134235180914402,0.6680271923542023
1744733398.787898,2025-04-15 12:09:58.787898,0.1366696432232856,0.6596172749996185
1744733398.8039925,2025-04-15 12:09:58.803993,0.2078998237848281,0.652078241109848
1744733398.8198946,2025-04-15 12:09:58.819895,0.2272213324904441,0.6509245932102203
1744733398.8381348,2025-04-15 12:09:58.838135,0.2292939871549606,0.6494117677211761
1744733398.8546216,2025-04-15 12:09:58.854622,0.2264325618743896,0.6558209657669067
1744733398.8677988,2025-04-15 12:09:58.867799,0.2263303995132446,0.6580453515052795
1744733398.8889265,2025-04-15 12:09:58.888927,0.2227525785565376,0.6569632589817047
1744733398.899969,2025-04-15 12:09:58.899969,0.2306164056062698,0.6582087874412537
1744733398.9157286,2025-04-15 12:09:58.915729,0.2266133353114128,0.6539432406425476
1744733398.9381225,2025-04-15 12:09:58.938122,0.2259074449539184,0.6512126326560974
1744733398.9546535,2025-04-15 12:09:58.954654,0.2287513315677642,0.6540403366088867
1744733398.971503,2025-04-15 12:09:58.971503,0.2189699858427047,0.6563096940517426
1744733398.9892776,2025-04-15 12:09:58.989278,0.2155472412705421,0.6622810065746307
1744733398.9972491,2025-04-15 12:09:58.997249,0.2176513895392418,0.6695311665534973
1744733399.011315,2025-04-15 12:09:59.011315,0.2160208448767662,0.6596234440803528
1744733399.0272317,2025-04-15 12:09:59.027231,0.2135302126407623,0.6594159603118896
1744733399.0430448,2025-04-15 12:09:59.043045,0.2157713025808334,0.6661320924758911
1744733399.0751235,2025-04-15 12:09:59.075124,0.2147273942828178,0.6567705273628235
1744733399.0909128,2025-04-15 12:09:59.090913,0.212009385228157,0.6518202722072601
1744733399.1065822,2025-04-15 12:09:59.106582,0.2166218012571334,0.6550754010677338
1744733399.1224377,2025-04-15 12:09:59.122438,0.2176980152726173,0.6575145423412323
1744733399.1381435,2025-04-15 12:09:59.138144,0.2157720699906349,0.6556659936904907
1744733399.1563213,2025-04-15 12:09:59.156321,0.2176420092582702,0.6568635404109955
1744733399.170273,2025-04-15 12:09:59.170273,0.2166624665260315,0.6509330868721008
1744733399.1895185,2025-04-15 12:09:59.189518,0.2132318839430809,0.6558471918106079
1744733399.2064097,2025-04-15 12:09:59.206410,0.2194265276193618,0.6513795554637909
1744733399.22321,2025-04-15 12:09:59.223210,0.2173365652561187,0.6552766859531403
1744733399.2399566,2025-04-15 12:09:59.239957,0.235778622329235,0.6539424359798431
1744733399.2566414,2025-04-15 12:09:59.256641,0.2317444309592247,0.6579535901546478
1744733399.2731688,2025-04-15 12:09:59.273169,0.2366274073719978,0.6597460210323334
1744733399.289843,2025-04-15 12:09:59.289843,0.2325531244277954,0.6558510661125183
1744733399.2975323,2025-04-15 12:09:59.297532,0.2354225069284439,0.6664538681507111
1744733399.3132596,2025-04-15 12:09:59.313260,0.2339239791035652,0.6640721261501312
1744733399.3291786,2025-04-15 12:09:59.329179,0.2306211814284324,0.6513496935367584
1744733399.3565898,2025-04-15 12:09:59.356590,0.234552264213562,0.6594506502151489
1744733399.360959,2025-04-15 12:09:59.360959,0.2308986559510231,0.6501085460186005
1744733399.3898966,2025-04-15 12:09:59.389897,0.2328222543001175,0.6507104337215424
1744733399.4090958,2025-04-15 12:09:59.409096,0.2353564649820327,0.6634479761123657
1744733399.4246385,2025-04-15 12:09:59.424638,0.20985097438097,0.6674828231334686
1744733399.4417217,2025-04-15 12:09:59.441722,0.2094445452094078,0.6647689640522003
1744733399.4542134,2025-04-15 12:09:59.454213,0.2094523459672927,0.6576169729232788
1744733399.4695563,2025-04-15 12:09:59.469556,0.2108789905905723,0.6583394110202789
1744733399.4901052,2025-04-15 12:09:59.490105,0.2161571457982063,0.6609009206295013
1744733399.5013907,2025-04-15 12:09:59.501391,0.2055547907948494,0.6624372899532318
1744733399.5172763,2025-04-15 12:09:59.517277,0.2168653458356857,0.6599580645561218
1744733399.5332243,2025-04-15 12:09:59.533224,0.2090571895241737,0.6628828942775726
1744733399.548911,2025-04-15 12:09:59.548911,0.2083494961261749,0.6553982198238373
1744733399.5685656,2025-04-15 12:09:59.568566,0.2097793295979499,0.6599828004837036
1744733399.5900557,2025-04-15 12:09:59.590055,0.2079189047217369,0.6474713385105133
1744733399.5965552,2025-04-15 12:09:59.596555,0.2132881879806518,0.6638943254947662
1744733399.6142712,2025-04-15 12:09:59.614271,0.2064571604132652,0.6590902209281921
1744733399.627978,2025-04-15 12:09:59.627978,0.2112647891044616,0.6502399146556854
1744733399.643678,2025-04-15 12:09:59.643678,0.1977270767092704,0.6577485799789429
1744733399.6755383,2025-04-15 12:09:59.675539,0.1585958674550056,0.6791471838951111
1744733399.6912727,2025-04-15 12:09:59.691273,0.1529550477862358,0.6831635534763336
1744733399.7070134,2025-04-15 12:09:59.707013,0.1450217962265014,0.6805645227432251
1744733399.7229526,2025-04-15 12:09:59.722953,0.1479919925332069,0.6865963637828827
1744733399.7388136,2025-04-15 12:09:59.738814,0.1436740383505821,0.6798580288887024
1744733399.754588,2025-04-15 12:09:59.754588,0.1415300369262695,0.6858556866645813
1744733399.7706356,2025-04-15 12:09:59.770636,0.145176813006401,0.6891868114471436
1744733399.7905903,2025-04-15 12:09:59.790591,0.1446072086691856,0.6908338069915771
1744733399.8026268,2025-04-15 12:09:59.802627,0.1434463933110237,0.6819738149642944
1744733399.8188236,2025-04-15 12:09:59.818824,0.2069222554564476,0.6719565093517303
1744733399.8347304,2025-04-15 12:09:59.834730,0.2357734143733978,0.6696498394012451
1744733399.850578,2025-04-15 12:09:59.850578,0.2341500744223594,0.6574320197105408
1744733399.866432,2025-04-15 12:09:59.866432,0.2333181425929069,0.6615857183933258
1744733399.8906734,2025-04-15 12:09:59.890673,0.2381157875061035,0.663998931646347
1744733399.898268,2025-04-15 12:09:59.898268,0.232635036110878,0.6536400616168976
1744733399.91434,2025-04-15 12:09:59.914340,0.2380135357379913,0.6638365089893341
1744733399.9304948,2025-04-15 12:09:59.930495,0.2359794899821281,0.6629331409931183
1744733399.9503767,2025-04-15 12:09:59.950377,0.2409432828426361,0.6559292376041412
1744733399.9624133,2025-04-15 12:09:59.962413,0.2360357642173767,0.6652408242225647
1744733399.9910605,2025-04-15 12:09:59.991060,0.2344380468130111,0.6641717255115509
1744733399.9942908,2025-04-15 12:09:59.994291,0.2362890616059303,0.6678158640861511
1744733400.010044,2025-04-15 12:10:00.010044,0.2386548593640327,0.6553315222263336
1744733400.0417268,2025-04-15 12:10:00.041727,0.2354570850729942,0.658058762550354
1744733400.057607,2025-04-15 12:10:00.057607,0.2382881939411163,0.6614255011081696
1744733400.0735528,2025-04-15 12:10:00.073553,0.2350006699562072,0.669085681438446
1744733400.0913122,2025-04-15 12:10:00.091312,0.2397627830505371,0.6663335561752319
1744733400.1058552,2025-04-15 12:10:00.105855,0.2350751161575317,0.6545872986316681
1744733400.1218207,2025-04-15 12:10:00.121821,0.2474503144621849,0.6583140790462494
1744733400.1379418,2025-04-15 12:10:00.137942,0.3140858560800552,0.5149103403091431
1744733400.1540086,2025-04-15 12:10:00.154009,,
1744733400.1699712,2025-04-15 12:10:00.169971,,
1744733400.1859996,2025-04-15 12:10:00.186000,,
1744733400.2022133,2025-04-15 12:10:00.202213,0.3481862843036651,0.426212266087532
1744733400.2240343,2025-04-15 12:10:00.224034,0.346398577094078,0.4476479142904281
1744733400.2341564,2025-04-15 12:10:00.234156,0.3499277383089065,0.4578543752431869
1744733400.2499692,2025-04-15 12:10:00.249969,0.3422785252332687,0.4412047564983368
1744733400.2661867,2025-04-15 12:10:00.266187,0.3452483266592026,0.4508656114339828
1744733400.2920902,2025-04-15 12:10:00.292090,0.3450853526592254,0.4375233948230743
1744733400.2983994,2025-04-15 12:10:00.298399,0.3439059108495712,0.4277859777212143
1744733400.324664,2025-04-15 12:10:00.324664,0.341156467795372,0.4208801835775375
1744733400.341289,2025-04-15 12:10:00.341289,0.3320460468530655,0.3785625249147415
1744733400.34643,2025-04-15 12:10:00.346430,0.3339542001485824,0.3674098551273346
1744733400.362152,2025-04-15 12:10:00.362152,0.3334483206272125,0.3676092773675918
1744733400.3922262,2025-04-15 12:10:00.392226,0.3345294743776321,0.3657922148704529
1744733400.3940618,2025-04-15 12:10:00.394062,0.3338767439126968,0.3613161146640777
1744733400.4257276,2025-04-15 12:10:00.425728,0.332662358880043,0.370950385928154
1744733400.4413702,2025-04-15 12:10:00.441370,0.3331529349088669,0.3627405166625976
1744733400.4553647,2025-04-15 12:10:00.455365,0.3309688568115234,0.3655392080545425
1744733400.4711847,2025-04-15 12:10:00.471185,0.3352608680725097,0.3680603951215744
1744733400.487321,2025-04-15 12:10:00.487321,0.3338525891304016,0.3635294735431671
1744733400.5070295,2025-04-15 12:10:00.507030,0.3306733518838882,0.3573090434074402
1744733400.5190704,2025-04-15 12:10:00.519070,0.332938089966774,0.3705498576164245
1744733400.5348856,2025-04-15 12:10:00.534886,0.3331879675388336,0.3680567741394043
1744733400.5508962,2025-04-15 12:10:00.550896,0.3354327827692032,0.3619994670152664
1744733400.566749,2025-04-15 12:10:00.566749,0.3302972614765167,0.3643766492605209
1744733400.5825722,2025-04-15 12:10:00.582572,0.3302342891693115,0.3905413001775741
1744733400.599306,2025-04-15 12:10:00.599306,0.336308091878891,0.4523059874773025
1744733400.6142747,2025-04-15 12:10:00.614275,0.3324560821056366,0.4779167026281357
1744733400.630023,2025-04-15 12:10:00.630023,0.3316167742013931,0.4597809016704559
1744733400.6456983,2025-04-15 12:10:00.645698,0.3316566199064255,0.4754374623298645
1744733400.661828,2025-04-15 12:10:00.661828,0.3330998867750168,0.4647702425718307
1744733400.6779723,2025-04-15 12:10:00.677972,0.3319794684648514,0.4708504229784012
1744733400.69413,2025-04-15 12:10:00.694130,0.3269716948270798,0.4706459194421768
1744733400.7265136,2025-04-15 12:10:00.726514,0.3343368619680404,0.4699315428733825
1744733400.7265136,2025-04-15 12:10:00.726514,0.3339211046695709,0.4680733382701874
1744733400.7584522,2025-04-15 12:10:00.758452,0.3238066285848617,0.4732396304607391
1744733400.774523,2025-04-15 12:10:00.774523,0.3236470073461532,0.4918773770332336
1744733400.790481,2025-04-15 12:10:00.790481,0.3242046535015106,0.4896373450756073
1744733400.8065853,2025-04-15 12:10:00.806585,0.3236888498067856,0.4780254364013672
1744733400.822269,2025-04-15 12:10:00.822269,0.3242660164833069,0.4873784929513931
1744733400.838274,2025-04-15 12:10:00.838274,0.3229568302631378,0.4827466756105423
1744733400.8568995,2025-04-15 12:10:00.856900,0.320562943816185,0.4884134083986282
1744733400.870334,2025-04-15 12:10:00.870334,0.3259831070899963,0.4818749129772186
1744733400.8864088,2025-04-15 12:10:00.886409,0.3202665448188782,0.4690943956375122
1744733400.9022498,2025-04-15 12:10:00.902250,0.3227638602256775,0.4913525581359863
1744733400.918297,2025-04-15 12:10:00.918297,0.325345978140831,0.4799343794584274
1744733400.9344692,2025-04-15 12:10:00.934469,0.3262276649475097,0.4798874855041504
1744733400.95031,2025-04-15 12:10:00.950310,0.3183313012123108,0.4787411093711853
1744733400.9662957,2025-04-15 12:10:00.966295,0.3206089287996292,0.4891283959150314
1744733400.9822958,2025-04-15 12:10:00.982296,0.3178008645772934,0.4842347353696823
1744733400.9982874,2025-04-15 12:10:00.998287,0.3203396797180176,0.4930343925952911
1744733401.0144613,2025-04-15 12:10:01.014461,0.3185515403747558,0.4909339994192123
1744733401.033664,2025-04-15 12:10:01.033664,0.3177369236946106,0.5022319406270981
1744733401.049552,2025-04-15 12:10:01.049552,0.3194857537746429,0.491058886051178
1744733401.0622451,2025-04-15 12:10:01.062245,0.3181482553482055,0.4864771515130996
1744733401.092865,2025-04-15 12:10:01.092865,0.3204740434885025,0.480600357055664
1744733401.1081083,2025-04-15 12:10:01.108108,0.3178796917200088,0.4879013448953628
1744733401.1099193,2025-04-15 12:10:01.109919,0.3192898035049438,0.4875793159008026
1744733401.141692,2025-04-15 12:10:01.141692,0.3364232778549194,0.4890681356191635
1744733401.1575162,2025-04-15 12:10:01.157516,0.344117060303688,0.485109731554985
1744733401.173241,2025-04-15 12:10:01.173241,0.3423511981964111,0.4936356246471405
1744733401.1889915,2025-04-15 12:10:01.188992,0.3439056873321533,0.4882288426160812
1744733401.204775,2025-04-15 12:10:01.204775,0.3442038744688034,0.4990599602460861
1744733401.220342,2025-04-15 12:10:01.220342,0.3456297218799591,0.4884028434753418
1744733401.236464,2025-04-15 12:10:01.236464,0.3444118350744247,0.4927602410316467
1744733401.2522209,2025-04-15 12:10:01.252221,0.3396673202514648,0.4836166650056839
1744733401.2683434,2025-04-15 12:10:01.268343,0.3435291647911072,0.4832401275634765
1744733401.284429,2025-04-15 12:10:01.284429,0.3424125462770462,0.4779479205608368
1744733401.3000753,2025-04-15 12:10:01.300075,0.3415670692920685,0.4888915717601776
1744733401.316088,2025-04-15 12:10:01.316088,0.3413340747356415,0.4893377870321274
1744733401.3318088,2025-04-15 12:10:01.331809,0.3424925506114959,0.4882913529872894
1744733401.3478663,2025-04-15 12:10:01.347867,0.3576818108558655,0.4820910543203354
1744733401.3640077,2025-04-15 12:10:01.364008,0.41045643389225,0.4705117493867874
1744733401.3799534,2025-04-15 12:10:01.379953,0.4149404317140579,0.4868486523628235
1744733401.3956242,2025-04-15 12:10:01.395624,0.4165690839290619,0.4960185140371322
1744733401.4253497,2025-04-15 12:10:01.425349,0.4134402871131897,0.484390377998352
1744733401.441883,2025-04-15 12:10:01.441883,0.4144891798496246,0.4733976423740387
1744733401.456983,2025-04-15 12:10:01.456983,0.4114200621843338,0.4649562090635299
1744733401.4730966,2025-04-15 12:10:01.473097,0.4114200174808502,0.4812079966068268
1744733401.489109,2025-04-15 12:10:01.489109,0.4155355244874954,0.4834207892417907
1744733401.50713,2025-04-15 12:10:01.507130,0.4122698903083801,0.4804480522871017
1744733401.5234475,2025-04-15 12:10:01.523448,0.4139354974031448,0.4828961491584778
1744733401.5399396,2025-04-15 12:10:01.539940,0.4155396372079849,0.4848619252443313
1744733401.556862,2025-04-15 12:10:01.556862,0.4071600288152694,0.4715613573789596
1744733401.5735028,2025-04-15 12:10:01.573503,0.4105468541383743,0.4823391437530517
1744733401.5903442,2025-04-15 12:10:01.590344,0.4127575159072876,0.4760264307260513
1744733401.607015,2025-04-15 12:10:01.607015,0.4174469411373138,0.4950700551271438
1744733401.6235971,2025-04-15 12:10:01.623597,0.4113292396068573,0.4730803370475769
1744733401.640395,2025-04-15 12:10:01.640395,0.4054881036281585,0.4824602156877517
1744733401.6489484,2025-04-15 12:10:01.648948,0.413291871547699,0.4957093298435211
1744733401.6645892,2025-04-15 12:10:01.664589,0.4112528860569,0.4848744124174118
1744733401.6802204,2025-04-15 12:10:01.680220,0.4121769815683365,0.479983702301979
1744733401.6963425,2025-04-15 12:10:01.696342,0.4123183339834213,0.4742972552776336
1744733401.7121203,2025-04-15 12:10:01.712121,0.4097246378660202,0.478255495429039
1744733401.727995,2025-04-15 12:10:01.727995,0.4085042327642441,0.492401972413063
1744733401.7437308,2025-04-15 12:10:01.743731,0.4108470976352691,0.4693470299243927
1744733401.759524,2025-04-15 12:10:01.759524,0.4138775765895843,0.4865559339523315
1744733401.791674,2025-04-15 12:10:01.791674,0.4089787304401397,0.4760640114545822
1744733401.807034,2025-04-15 12:10:01.807034,0.408637672662735,0.4858486950397491
1744733401.8228974,2025-04-15 12:10:01.822897,0.4084144681692123,0.4908696264028549
1744733401.8409076,2025-04-15 12:10:01.840908,0.4159121513366699,0.4931234270334244
1744733401.8571234,2025-04-15 12:10:01.857123,0.4119720011949539,0.47823566198349
1744733401.873761,2025-04-15 12:10:01.873761,0.4080049693584442,0.4873128086328506
1744733401.8904335,2025-04-15 12:10:01.890434,0.4086052924394607,0.4939203411340713
1744733401.9071262,2025-04-15 12:10:01.907126,0.4103167653083801,0.4711648821830749
1744733401.9239397,2025-04-15 12:10:01.923939,0.4078105688095093,0.4786837697029114
1744733401.940526,2025-04-15 12:10:01.940526,0.4091057032346725,0.4692504405975342
1744733401.9514785,2025-04-15 12:10:01.951478,0.4086979329586029,0.470903217792511
1744733401.9675512,2025-04-15 12:10:01.967551,0.4090562611818313,0.4792810976505279
1744733401.990705,2025-04-15 12:10:01.990705,0.4129372537136078,0.4811018854379654
1744733402.0073366,2025-04-15 12:10:02.007337,0.4083667546510696,0.4693419933319092
1744733402.0240402,2025-04-15 12:10:02.024040,0.4082840383052826,0.474215105175972
1744733402.040769,2025-04-15 12:10:02.040769,0.4156095087528229,0.4816228151321411
1744733402.0574608,2025-04-15 12:10:02.057461,0.4091008603572845,0.4759882986545563
1744733402.0741296,2025-04-15 12:10:02.074130,0.4113096296787262,0.4897414892911911
1744733402.0907702,2025-04-15 12:10:02.090770,0.4105732142925262,0.4902744889259338
1744733402.107468,2025-04-15 12:10:02.107468,0.4434021562337875,0.454789862036705
1744733402.124129,2025-04-15 12:10:02.124129,0.4465942680835724,0.4457346946001053
1744733402.1408,2025-04-15 12:10:02.140800,0.4470136910676956,0.4262873083353042
1744733402.1585608,2025-04-15 12:10:02.158561,0.4434362351894378,0.4288339018821716
1744733402.1743865,2025-04-15 12:10:02.174386,0.4465345740318298,0.4216046929359436
1744733402.19005,2025-04-15 12:10:02.190050,0.4482140988111496,0.4329425990581512
1744733402.2061682,2025-04-15 12:10:02.206168,0.4439077824354172,0.418696179986
1744733402.2244549,2025-04-15 12:10:02.224455,0.4444888681173324,0.4205186516046524
1744733402.2407649,2025-04-15 12:10:02.240765,0.4458062648773193,0.429163321852684
1744733402.257423,2025-04-15 12:10:02.257423,0.4406737685203552,0.4267937690019607
1744733402.2741044,2025-04-15 12:10:02.274104,0.4419636726379394,0.4445863515138626
1744733402.285818,2025-04-15 12:10:02.285818,0.4398254454135895,0.4245356768369674
1744733402.302017,2025-04-15 12:10:02.302017,0.4413642287254333,0.4293103665113449
1744733402.3241134,2025-04-15 12:10:02.324113,0.4432924836874008,0.4115074127912521
1744733402.3408003,2025-04-15 12:10:02.340800,0.4473189860582351,0.3989102244377136
1744733402.3574183,2025-04-15 12:10:02.357418,0.4468643218278885,0.4110545217990875
1744733402.374085,2025-04-15 12:10:02.374085,0.4466953873634338,0.3978398442268371
1744733402.381426,2025-04-15 12:10:02.381426,0.4488264173269272,0.4077913761138916
1744733402.3971522,2025-04-15 12:10:02.397152,0.4474772363901138,0.404398038983345
1744733402.4251502,2025-04-15 12:10:02.425150,0.4466980397701263,0.4010170251131058
1744733402.44139,2025-04-15 12:10:02.441390,0.4473190605640411,0.4016851484775543
1744733402.4582334,2025-04-15 12:10:02.458233,0.4462974965572357,0.4048071056604385
1744733402.474022,2025-04-15 12:10:02.474022,0.448247343301773,0.4079674780368805
1744733402.4900086,2025-04-15 12:10:02.490009,0.4457668662071228,0.4080815613269806
1744733402.505763,2025-04-15 12:10:02.505763,0.4465018063783645,0.4103488773107528
1744733402.5242689,2025-04-15 12:10:02.524269,0.4456969350576401,0.4011500477790832
1744733402.5380762,2025-04-15 12:10:02.538076,0.4508975148200989,0.4076172411441803
1744733402.5576856,2025-04-15 12:10:02.557686,0.4482156634330749,0.4099611490964889
1744733402.5743587,2025-04-15 12:10:02.574359,0.4471087008714676,0.4092245995998382
1744733402.5911615,2025-04-15 12:10:02.591161,0.450119748711586,0.4060064703226089
1744733402.607832,2025-04-15 12:10:02.607832,0.4273595660924911,0.424903854727745
1744733402.6243198,2025-04-15 12:10:02.624320,0.4103957712650299,0.4582659155130386
1744733402.6410668,2025-04-15 12:10:02.641067,0.4039230048656463,0.4656178206205368
1744733402.649195,2025-04-15 12:10:02.649195,0.4085333049297333,0.4576536417007446
1744733402.6652577,2025-04-15 12:10:02.665257,0.4053156524896621,0.4684714376926422
1744733402.6813877,2025-04-15 12:10:02.681388,0.4057948738336563,0.4694696962833404
1744733402.6973748,2025-04-15 12:10:02.697375,0.4032592624425888,0.4719368368387222
1744733402.72447,2025-04-15 12:10:02.724470,0.4074429422616958,0.4679253548383713
1744733402.74113,2025-04-15 12:10:02.741130,0.4076652526855469,0.4675631076097488
1744733402.744926,2025-04-15 12:10:02.744926,0.4072635322809219,0.480867326259613
1744733402.7608523,2025-04-15 12:10:02.760852,0.4048481583595276,0.4476675689220428
1744733402.776646,2025-04-15 12:10:02.776646,0.404366984963417,0.4724480956792831
1744733402.8078537,2025-04-15 12:10:02.807853,0.4050032347440719,0.4561021476984024
1744733402.8246586,2025-04-15 12:10:02.824659,0.407694548368454,0.4708884805440902
1744733402.840521,2025-04-15 12:10:02.840521,0.3998783975839615,0.4839043766260147
1744733402.8586252,2025-04-15 12:10:02.858625,0.3468986302614212,0.5736197829246521
