timestamp,time_readable,x,y
1744733394.7867334,2025-04-15 12:09:54.786733,nan,nan
1744733394.8025658,2025-04-15 12:09:54.802566,nan,nan
1744733394.853561,2025-04-15 12:09:54.853561,nan,nan
1744733394.853561,2025-04-15 12:09:54.853561,nan,nan
1744733394.853561,2025-04-15 12:09:54.853561,0.17344356328248978,1.03154456615448
1744733394.8693027,2025-04-15 12:09:54.869303,nan,nan
1744733394.8852284,2025-04-15 12:09:54.885228,0.17189499735832214,1.0247809886932373
1744733394.9009633,2025-04-15 12:09:54.900963,0.13111300766468048,0.8521604835987091
1744733394.9171205,2025-04-15 12:09:54.917120,0.10917352512478828,0.6755000054836273
1744733394.9328146,2025-04-15 12:09:54.932815,nan,nan
1744733394.9488058,2025-04-15 12:09:54.948806,0.16515707969665527,0.38892124593257904
1744733394.9647682,2025-04-15 12:09:54.964768,0.17263729870319366,0.38180673122406006
1744733394.9808133,2025-04-15 12:09:54.980813,0.17392782121896744,0.37278957664966583
1744733394.9967034,2025-04-15 12:09:54.996703,0.1736251562833786,0.3750573992729187
1744733395.0127673,2025-04-15 12:09:55.012767,0.17055177688598633,0.36847686767578125
1744733395.028613,2025-04-15 12:09:55.028613,0.17210246622562408,0.3801036477088928
1744733395.0513344,2025-04-15 12:09:55.051334,0.169407419860363,0.3782234787940979
1744733395.0604336,2025-04-15 12:09:55.060434,0.17523650079965591,0.3762853294610977
1744733395.0920289,2025-04-15 12:09:55.092029,0.1704064905643463,0.3692254424095154
1744733395.1079783,2025-04-15 12:09:55.107978,0.1682870015501976,0.3751768171787262
1744733395.1237783,2025-04-15 12:09:55.123778,0.17001639306545258,0.37383489310741425
1744733395.1394203,2025-04-15 12:09:55.139420,0.1671983003616333,0.37871794402599335
1744733395.155352,2025-04-15 12:09:55.155352,0.16926301270723343,0.3885166049003601
1744733395.1710336,2025-04-15 12:09:55.171034,0.13892166316509247,0.37732231616973877
1744733395.186688,2025-04-15 12:09:55.186688,0.13802500814199448,0.377656951546669
1744733395.202405,2025-04-15 12:09:55.202405,0.1377522423863411,0.3805273324251175
1744733395.218209,2025-04-15 12:09:55.218209,0.13382428139448166,0.38086749613285065
1744733395.2340648,2025-04-15 12:09:55.234065,0.13509182631969452,0.3814721554517746
1744733395.2501373,2025-04-15 12:09:55.250137,0.13563571870326996,0.38103295862674713
1744733395.2682111,2025-04-15 12:09:55.268211,0.13685262948274612,0.38232560455799103
1744733395.28478,2025-04-15 12:09:55.284780,0.13544462621212006,0.3780437707901001
1744733395.3090434,2025-04-15 12:09:55.309043,0.13598061352968216,0.3804416060447693
1744733395.3130562,2025-04-15 12:09:55.313056,0.14129527658224106,0.3744976669549942
1744733395.3289478,2025-04-15 12:09:55.328948,0.13676931709051132,0.37650178372859955
1744733395.3446198,2025-04-15 12:09:55.344620,0.13698378205299377,0.37474970519542694
1744733395.3611827,2025-04-15 12:09:55.361183,0.1367180421948433,0.3755760043859482
1744733395.3922517,2025-04-15 12:09:55.392252,0.1400499790906906,0.37505726516246796
1744733395.408347,2025-04-15 12:09:55.408347,0.14158137887716293,0.37483078241348267
1744733395.4240701,2025-04-15 12:09:55.424070,0.13842140138149261,0.3823853135108948
1744733395.4401174,2025-04-15 12:09:55.440117,0.13737928122282028,0.3855758607387543
1744733395.4560835,2025-04-15 12:09:55.456084,0.18204136192798615,0.37701909244060516
1744733395.4721034,2025-04-15 12:09:55.472103,0.1931632235646248,0.3800306022167206
1744733395.4881363,2025-04-15 12:09:55.488136,0.19171587377786636,0.36896665394306183
1744733395.5038402,2025-04-15 12:09:55.503840,0.1899333894252777,0.37935858964920044
1744733395.5195377,2025-04-15 12:09:55.519538,0.1895323097705841,0.3798002451658249
1744733395.5352108,2025-04-15 12:09:55.535211,0.1893095225095749,0.37441815435886383
1744733395.5511885,2025-04-15 12:09:55.551188,0.18856166303157806,0.37429891526699066
1744733395.5669293,2025-04-15 12:09:55.566929,0.1870907098054886,0.36947664618492126
1744733395.5919683,2025-04-15 12:09:55.591968,0.1880432590842247,0.36952367424964905
1744733395.5987232,2025-04-15 12:09:55.598723,0.18569793552160263,0.36971402168273926
1744733395.6192808,2025-04-15 12:09:55.619281,0.19784598052501678,0.3664618283510208
1744733395.6360912,2025-04-15 12:09:55.636091,0.216196671128273,0.3705167770385742
1744733395.6464658,2025-04-15 12:09:55.646466,0.21943017840385437,0.3701203316450119
1744733395.6696517,2025-04-15 12:09:55.669652,0.21869858354330063,0.36833329498767853
1744733395.680021,2025-04-15 12:09:55.680021,0.21847326308488846,0.3648294657468796
1744733395.6937428,2025-04-15 12:09:55.693743,0.21662786602973938,0.37711773812770844
1744733395.7251444,2025-04-15 12:09:55.725144,0.21836358308792114,0.37060071527957916
1744733395.7411034,2025-04-15 12:09:55.741103,0.21443843841552734,0.36275696754455566
1744733395.7569857,2025-04-15 12:09:55.756986,0.2173757702112198,0.3670017123222351
1744733395.7727165,2025-04-15 12:09:55.772717,0.21626827865839005,0.3671214133501053
1744733395.7885673,2025-04-15 12:09:55.788567,0.21687596291303635,0.3632360249757767
1744733395.8044364,2025-04-15 12:09:55.804436,0.21553533524274826,0.36696453392505646
1744733395.8202064,2025-04-15 12:09:55.820206,0.2153792679309845,0.37079690396785736
1744733395.8362029,2025-04-15 12:09:55.836203,0.21688227355480194,0.367835134267807
1744733395.8521354,2025-04-15 12:09:55.852135,0.2159205600619316,0.3665982484817505
1744733395.8679214,2025-04-15 12:09:55.867921,0.21274041384458542,0.37025919556617737
1744733395.884139,2025-04-15 12:09:55.884139,0.1546006202697754,0.4227750897407532
1744733395.903356,2025-04-15 12:09:55.903356,0.14052549004554749,0.4484374076128006
1744733395.9162545,2025-04-15 12:09:55.916255,0.13965395092964172,0.45546022057533264
1744733395.9367661,2025-04-15 12:09:55.936766,0.13785333931446075,0.4482189267873764
1744733395.9486122,2025-04-15 12:09:55.948612,0.13905096054077148,0.44741594791412354
1744733395.9645348,2025-04-15 12:09:55.964535,0.14003128558397293,0.4446559250354767
1744733395.981222,2025-04-15 12:09:55.981222,0.13567260652780533,0.43930716812610626
1744733396.004238,2025-04-15 12:09:56.004238,0.1362352818250656,0.45080216228961945
1744733396.0139549,2025-04-15 12:09:56.013955,0.13744498044252396,0.4391108453273773
1744733396.0276723,2025-04-15 12:09:56.027672,0.13871333748102188,0.44698718190193176
1744733396.0437446,2025-04-15 12:09:56.043745,0.14290806651115417,0.4413762092590332
1744733396.0755284,2025-04-15 12:09:56.075528,0.12257542461156845,0.49826693534851074
1744733396.091473,2025-04-15 12:09:56.091473,0.11989524960517883,0.49774621427059174
1744733396.1074495,2025-04-15 12:09:56.107450,0.12154155597090721,0.49047303199768066
1744733396.1232202,2025-04-15 12:09:56.123220,0.12150769308209419,0.5029157996177673
1744733396.1390443,2025-04-15 12:09:56.139044,0.12053421139717102,0.49129578471183777
1744733396.1551597,2025-04-15 12:09:56.155160,0.12283705919981003,0.4909365177154541
1744733396.170867,2025-04-15 12:09:56.170867,0.12255197018384933,0.49709273874759674
1744733396.186787,2025-04-15 12:09:56.186787,0.1200457438826561,0.49470558762550354
1744733396.202809,2025-04-15 12:09:56.202809,0.12078418955206871,0.5026799738407135
1744733396.219005,2025-04-15 12:09:56.219005,0.1202220469713211,0.498632550239563
1744733396.2352118,2025-04-15 12:09:56.235212,0.1231921948492527,0.5006226450204849
1744733396.2512298,2025-04-15 12:09:56.251230,0.11916518211364746,0.496192991733551
1744733396.266866,2025-04-15 12:09:56.266866,0.11926478892564774,0.4995356798171997
1744733396.2827096,2025-04-15 12:09:56.282710,0.12382754683494568,0.5001480877399445
1744733396.298423,2025-04-15 12:09:56.298423,0.12236525118350983,0.5082560479640961
1744733396.3143656,2025-04-15 12:09:56.314366,0.12494556233286858,0.4990521967411041
1744733396.3417087,2025-04-15 12:09:56.341709,0.12177181616425514,0.49951571226119995
1744733396.3577733,2025-04-15 12:09:56.357773,0.12213405221700668,0.4971228241920471
1744733396.3751788,2025-04-15 12:09:56.375179,0.11860719695687294,0.5041877925395966
1744733396.3837137,2025-04-15 12:09:56.383714,0.12086044251918793,0.500527560710907
1744733396.407444,2025-04-15 12:09:56.407444,0.12199244275689125,0.5013979822397232
1744733396.425132,2025-04-15 12:09:56.425132,0.1197071522474289,0.506508469581604
1744733396.4341388,2025-04-15 12:09:56.434139,0.12336918339133263,0.5122516751289368
1744733396.4500306,2025-04-15 12:09:56.450031,0.1225518174469471,0.4980462044477463
1744733396.4658694,2025-04-15 12:09:56.465869,0.12139970436692238,0.49737656116485596
1744733396.481573,2025-04-15 12:09:56.481573,0.11892276629805565,0.5099384188652039
1744733396.4974856,2025-04-15 12:09:56.497486,0.12066731974482536,0.49743984639644623
1744733396.5132585,2025-04-15 12:09:56.513258,0.14300742000341415,0.5098907947540283
1744733396.529355,2025-04-15 12:09:56.529355,0.20825744420289993,0.5154875218868256
1744733396.545553,2025-04-15 12:09:56.545553,0.20950645953416824,0.507813423871994
1744733396.561435,2025-04-15 12:09:56.561435,0.20825818181037903,0.49929575622081757
1744733396.5819964,2025-04-15 12:09:56.581996,0.2087237909436226,0.5082179009914398
1744733396.5931222,2025-04-15 12:09:56.593122,0.21189670264720917,0.5065048485994339
1744733396.61974,2025-04-15 12:09:56.619740,0.20992176234722137,0.514013797044754
1744733396.6409657,2025-04-15 12:09:56.640966,0.2085435539484024,0.5046297907829285
1744733396.6571028,2025-04-15 12:09:56.657103,0.21267019957304,0.5131624191999435
1744733396.6730285,2025-04-15 12:09:56.673028,0.20983165502548218,0.5118705779314041
1744733396.6886663,2025-04-15 12:09:56.688666,0.20707091689109802,0.49975547194480896
1744733396.7044604,2025-04-15 12:09:56.704460,0.20742953568696976,0.5080815851688385
1744733396.7201204,2025-04-15 12:09:56.720120,0.20549632608890533,0.5023731291294098
1744733396.735771,2025-04-15 12:09:56.735771,0.21102764457464218,0.5107011795043945
1744733396.7515752,2025-04-15 12:09:56.751575,0.21064536273479462,0.5137642323970795
1744733396.7672868,2025-04-15 12:09:56.767287,0.20810186862945557,0.5095518529415131
1744733396.7830715,2025-04-15 12:09:56.783072,0.2112446278333664,0.5108383446931839
1744733396.8009875,2025-04-15 12:09:56.800987,0.2085789516568184,0.5111507773399353
1744733396.820248,2025-04-15 12:09:56.820248,0.20783308148384094,0.5092921853065491
1744733396.8370712,2025-04-15 12:09:56.837071,0.20588327944278717,0.5140430331230164
1744733396.853219,2025-04-15 12:09:56.853219,0.2092120423913002,0.5162080526351929
1744733396.8703156,2025-04-15 12:09:56.870316,0.2102401927113533,0.5058529376983643
1744733396.8891225,2025-04-15 12:09:56.889122,0.20994683355093002,0.5075971633195877
1744733396.903507,2025-04-15 12:09:56.903507,0.20241639763116837,0.5033333897590637
1744733396.911798,2025-04-15 12:09:56.911798,0.21190982311964035,0.5144141018390656
1744733396.9420247,2025-04-15 12:09:56.942025,0.20881937444210052,0.5073507875204086
1744733396.9581494,2025-04-15 12:09:56.958149,0.20795036852359772,0.5132687538862228
1744733396.9743552,2025-04-15 12:09:56.974355,0.20822229981422424,0.5120172202587128
1744733396.9899964,2025-04-15 12:09:56.989996,0.20501131564378738,0.5200837850570679
1744733397.0060093,2025-04-15 12:09:57.006009,0.20926593989133835,0.5062885582447052
1744733397.0217462,2025-04-15 12:09:57.021746,0.2063526213169098,0.5213814675807953
1744733397.0376852,2025-04-15 12:09:57.037685,0.2069796472787857,0.5172441303730011
1744733397.0533462,2025-04-15 12:09:57.053346,0.2102840393781662,0.5174010694026947
1744733397.0692394,2025-04-15 12:09:57.069239,0.2081230878829956,0.513708621263504
1744733397.0852473,2025-04-15 12:09:57.085247,0.21016373485326767,0.5193853676319122
1744733397.1012037,2025-04-15 12:09:57.101204,0.20829860866069794,0.5192309021949768
1744733397.1173403,2025-04-15 12:09:57.117340,0.20987822115421295,0.5264662504196167
1744733397.1335046,2025-04-15 12:09:57.133505,0.21645115315914154,0.5110400766134262
1744733397.1544974,2025-04-15 12:09:57.154497,0.2135779708623886,0.5055422186851501
1744733397.1680236,2025-04-15 12:09:57.168024,0.22105980664491653,0.5202280580997467
1744733397.1877453,2025-04-15 12:09:57.187745,0.21304868161678314,0.511332094669342
1744733397.2044384,2025-04-15 12:09:57.204438,0.21542220562696457,0.49856172502040863
1744733397.2128677,2025-04-15 12:09:57.212868,0.21979540586471558,0.5062892884016037
1744733397.2325141,2025-04-15 12:09:57.232514,0.2179410681128502,0.514993816614151
1744733397.2544692,2025-04-15 12:09:57.254469,0.21556563675403595,0.5185922682285309
1744733397.260218,2025-04-15 12:09:57.260218,0.2195058986544609,0.4979868531227112
1744733397.2838569,2025-04-15 12:09:57.283857,nan,nan
1744733397.2917125,2025-04-15 12:09:57.291713,nan,nan
1744733397.3230677,2025-04-15 12:09:57.323068,nan,nan
1744733397.3387766,2025-04-15 12:09:57.338777,nan,nan
1744733397.3545792,2025-04-15 12:09:57.354579,nan,nan
1744733397.3703787,2025-04-15 12:09:57.370379,nan,nan
1744733397.3861513,2025-04-15 12:09:57.386151,0.20912685245275497,0.5517916679382324
1744733397.408544,2025-04-15 12:09:57.408544,0.20942652225494385,0.5234951674938202
1744733397.4248412,2025-04-15 12:09:57.424841,0.20684394240379333,0.5187127590179443
1744733397.4362454,2025-04-15 12:09:57.436245,0.20698202401399612,0.510740727186203
1744733397.4519267,2025-04-15 12:09:57.451927,0.20794189721345901,0.5129454284906387
1744733397.4678407,2025-04-15 12:09:57.467841,0.20878136903047562,0.5111593753099442
1744733397.4843826,2025-04-15 12:09:57.484383,0.21087416261434555,0.5114828944206238
1744733397.502843,2025-04-15 12:09:57.502843,0.20644062757492065,0.5062752515077591
1744733397.5161579,2025-04-15 12:09:57.516158,0.20560374110937119,0.5232549905776978
1744733397.5360742,2025-04-15 12:09:57.536074,0.20641063898801804,0.5128442943096161
1744733397.5515008,2025-04-15 12:09:57.551501,0.20849070698022842,0.5085656940937042
1744733397.5641742,2025-04-15 12:09:57.564174,0.20632054656744003,0.5162472128868103
1744733397.5845048,2025-04-15 12:09:57.584505,0.2093830704689026,0.5107105523347855
1744733397.5955625,2025-04-15 12:09:57.595562,0.21122796833515167,0.5097901821136475
1744733397.614666,2025-04-15 12:09:57.614666,0.20766331255435944,0.5186748802661896
1744733397.638173,2025-04-15 12:09:57.638173,0.20674359053373337,0.5074343681335449
1744733397.6428003,2025-04-15 12:09:57.642800,0.22039254009723663,0.506897360086441
1744733397.6745505,2025-04-15 12:09:57.674551,0.23228981345891953,0.4922366738319397
1744733397.6902778,2025-04-15 12:09:57.690278,0.23877185583114624,0.500089019536972
1744733397.706179,2025-04-15 12:09:57.706179,0.23161251097917557,0.48907461762428284
1744733397.7218637,2025-04-15 12:09:57.721864,0.2345084249973297,0.4962264746427536
1744733397.7377236,2025-04-15 12:09:57.737724,0.23273684829473495,0.49871982634067535
1744733397.7534237,2025-04-15 12:09:57.753424,0.22648143768310547,0.49719974398612976
1744733397.7694533,2025-04-15 12:09:57.769453,0.23214294761419296,0.5031958520412445
1744733397.7848327,2025-04-15 12:09:57.784833,0.23184923082590103,0.5046866238117218
1744733397.8007205,2025-04-15 12:09:57.800720,0.23412646353244781,0.5178366899490356
1744733397.8220658,2025-04-15 12:09:57.822066,0.22822461277246475,0.5036648809909821
1744733397.839127,2025-04-15 12:09:57.839127,0.2312537506222725,0.5136167109012604
1744733397.864384,2025-04-15 12:09:57.864384,0.23479466140270233,0.5098596811294556
1744733397.864384,2025-04-15 12:09:57.864384,0.23226647078990936,0.5054638385772705
1744733397.8852491,2025-04-15 12:09:57.885249,0.21222297847270966,0.5189248919487
1744733397.8961158,2025-04-15 12:09:57.896116,0.21148879826068878,0.5348731279373169
1744733397.9120698,2025-04-15 12:09:57.912070,0.21195170283317566,0.542781412601471
1744733397.9279013,2025-04-15 12:09:57.927901,0.2074190154671669,0.524989664554596
1744733397.947098,2025-04-15 12:09:57.947098,0.21069278568029404,0.5368143022060394
1744733397.9595623,2025-04-15 12:09:57.959562,0.20720919221639633,0.5329769849777222
1744733397.9914944,2025-04-15 12:09:57.991494,0.20839852839708328,0.533012866973877
1744733398.0074847,2025-04-15 12:09:58.007485,0.21413934975862503,0.5411844253540039
1744733398.0233564,2025-04-15 12:09:58.023356,0.21244145184755325,0.5307213366031647
1744733398.0392191,2025-04-15 12:09:58.039219,0.2126697227358818,0.5334742665290833
1744733398.0550766,2025-04-15 12:09:58.055077,0.2141505405306816,0.5345578491687775
1744733398.0710835,2025-04-15 12:09:58.071084,0.21420854330062866,0.529438704252243
1744733398.086431,2025-04-15 12:09:58.086431,0.2128097414970398,0.530263215303421
1744733398.1026082,2025-04-15 12:09:58.102608,0.2145644947886467,0.5298677682876587
1744733398.1188297,2025-04-15 12:09:58.118830,0.21328987926244736,0.5226807594299316
1744733398.1349044,2025-04-15 12:09:58.134904,0.19291144609451294,0.533781886100769
1744733398.1551735,2025-04-15 12:09:58.155174,0.13847670704126358,0.6150916516780853
1744733398.166682,2025-04-15 12:09:58.166682,0.1391211375594139,0.6320476531982422
1744733398.1867695,2025-04-15 12:09:58.186769,0.13214892894029617,0.6337577998638153
1744733398.1987154,2025-04-15 12:09:58.198715,0.1386416181921959,0.6345034241676331
1744733398.2224748,2025-04-15 12:09:58.222475,0.13047780841588974,0.6315554976463318
1744733398.2375224,2025-04-15 12:09:58.237522,0.12886720895767212,0.6388016939163208
1744733398.2467177,2025-04-15 12:09:58.246718,0.13678117096424103,0.6431659758090973
1744733398.2706347,2025-04-15 12:09:58.270635,0.13650226593017578,0.6321950256824493
1744733398.287105,2025-04-15 12:09:58.287105,0.1350557878613472,0.6303337514400482
1744733398.2947018,2025-04-15 12:09:58.294702,0.1399470418691635,0.6426633298397064
1744733398.3209395,2025-04-15 12:09:58.320940,0.12186236307024956,0.673732578754425
1744733398.3421106,2025-04-15 12:09:58.342111,0.11932551488280296,0.6605971455574036
1744733398.3577673,2025-04-15 12:09:58.357767,0.11787942796945572,0.661799967288971
1744733398.3734052,2025-04-15 12:09:58.373405,0.1202322319149971,0.6659721732139587
1744733398.3894174,2025-04-15 12:09:58.389417,0.1251998022198677,0.6672353148460388
1744733398.4051275,2025-04-15 12:09:58.405128,0.11854416131973267,0.6667184233665466
1744733398.424755,2025-04-15 12:09:58.424755,0.11888734996318817,0.6639280319213867
1744733398.4415028,2025-04-15 12:09:58.441503,0.12903760001063347,0.6773739457130432
1744733398.453943,2025-04-15 12:09:58.453943,0.12294140830636024,0.6738369762897491
1744733398.469308,2025-04-15 12:09:58.469308,0.1253703013062477,0.6687284708023071
1744733398.4877615,2025-04-15 12:09:58.487761,0.12649498879909515,0.675741046667099
1744733398.501138,2025-04-15 12:09:58.501138,0.12790893763303757,0.6752291619777679
1744733398.5171533,2025-04-15 12:09:58.517153,0.13597045838832855,0.6684646010398865
1744733398.533176,2025-04-15 12:09:58.533176,0.1223621666431427,0.6628378033638
1744733398.5492342,2025-04-15 12:09:58.549234,0.12581612542271614,0.6643643379211426
1744733398.5651178,2025-04-15 12:09:58.565118,0.12653440237045288,0.6720820665359497
1744733398.587904,2025-04-15 12:09:58.587904,0.12800510972738266,0.6649978160858154
1744733398.5973268,2025-04-15 12:09:58.597327,0.1256643570959568,0.6617688834667206
1744733398.613093,2025-04-15 12:09:58.613093,0.12925129383802414,0.6687490940093994
1744733398.6292088,2025-04-15 12:09:58.629209,0.12453943118453026,0.6672444939613342
1744733398.6448798,2025-04-15 12:09:58.644880,0.12386777624487877,0.6702940762042999
1744733398.671234,2025-04-15 12:09:58.671234,0.12533599510788918,0.6628833413124084
1744733398.6879866,2025-04-15 12:09:58.687987,0.1234331727027893,0.6688854098320007
1744733398.7086868,2025-04-15 12:09:58.708687,0.12342530488967896,0.6647667288780212
1744733398.7247949,2025-04-15 12:09:58.724795,0.1270354986190796,0.6701125502586365
1744733398.740674,2025-04-15 12:09:58.740674,0.11890030652284622,0.6622539758682251
1744733398.7565746,2025-04-15 12:09:58.756575,0.12723379582166672,0.6644646227359772
1744733398.7727146,2025-04-15 12:09:58.772715,0.134235180914402,0.6680271923542023
1744733398.787898,2025-04-15 12:09:58.787898,0.13666964322328568,0.6596172749996185
1744733398.8039925,2025-04-15 12:09:58.803993,0.20789982378482819,0.652078241109848
1744733398.8198946,2025-04-15 12:09:58.819895,0.22722133249044418,0.6509245932102203
1744733398.8381348,2025-04-15 12:09:58.838135,0.22929398715496063,0.6494117677211761
1744733398.8546216,2025-04-15 12:09:58.854622,0.22643256187438965,0.6558209657669067
1744733398.8677988,2025-04-15 12:09:58.867799,0.22633039951324463,0.6580453515052795
1744733398.8889265,2025-04-15 12:09:58.888927,0.22275257855653763,0.6569632589817047
1744733398.8999693,2025-04-15 12:09:58.899969,0.23061640560626984,0.6582087874412537
1744733398.9157286,2025-04-15 12:09:58.915729,0.2266133353114128,0.6539432406425476
1744733398.9381223,2025-04-15 12:09:58.938122,0.22590744495391846,0.6512126326560974
1744733398.9546537,2025-04-15 12:09:58.954654,0.22875133156776428,0.6540403366088867
1744733398.971503,2025-04-15 12:09:58.971503,0.21896998584270477,0.6563096940517426
1744733398.9892776,2025-04-15 12:09:58.989278,0.21554724127054214,0.6622810065746307
1744733398.9972491,2025-04-15 12:09:58.997249,0.2176513895392418,0.6695311665534973
1744733399.011315,2025-04-15 12:09:59.011315,0.2160208448767662,0.6596234440803528
1744733399.0272315,2025-04-15 12:09:59.027231,0.21353021264076233,0.6594159603118896
1744733399.0430448,2025-04-15 12:09:59.043045,0.21577130258083344,0.6661320924758911
1744733399.0751235,2025-04-15 12:09:59.075124,0.21472739428281784,0.6567705273628235
1744733399.0909128,2025-04-15 12:09:59.090913,0.21200938522815704,0.6518202722072601
1744733399.1065822,2025-04-15 12:09:59.106582,0.21662180125713348,0.6550754010677338
1744733399.1224377,2025-04-15 12:09:59.122438,0.21769801527261734,0.6575145423412323
1744733399.1381435,2025-04-15 12:09:59.138144,0.21577206999063492,0.6556659936904907
1744733399.1563213,2025-04-15 12:09:59.156321,0.21764200925827026,0.6568635404109955
1744733399.170273,2025-04-15 12:09:59.170273,0.2166624665260315,0.6509330868721008
1744733399.1895185,2025-04-15 12:09:59.189518,0.2132318839430809,0.6558471918106079
1744733399.2064097,2025-04-15 12:09:59.206410,0.21942652761936188,0.6513795554637909
1744733399.22321,2025-04-15 12:09:59.223210,0.21733656525611877,0.6552766859531403
1744733399.2399566,2025-04-15 12:09:59.239957,0.23577862232923508,0.6539424359798431
1744733399.2566414,2025-04-15 12:09:59.256641,0.2317444309592247,0.6579535901546478
1744733399.2731688,2025-04-15 12:09:59.273169,0.23662740737199783,0.6597460210323334
1744733399.289843,2025-04-15 12:09:59.289843,0.2325531244277954,0.6558510661125183
1744733399.2975323,2025-04-15 12:09:59.297532,0.2354225069284439,0.6664538681507111
1744733399.3132596,2025-04-15 12:09:59.313260,0.23392397910356522,0.6640721261501312
1744733399.3291786,2025-04-15 12:09:59.329179,0.23062118142843246,0.6513496935367584
1744733399.3565898,2025-04-15 12:09:59.356590,0.234552264213562,0.6594506502151489
1744733399.360959,2025-04-15 12:09:59.360959,0.2308986559510231,0.6501085460186005
1744733399.3898966,2025-04-15 12:09:59.389897,0.2328222543001175,0.6507104337215424
1744733399.4090958,2025-04-15 12:09:59.409096,0.23535646498203278,0.6634479761123657
1744733399.4246383,2025-04-15 12:09:59.424638,0.20985097438097,0.6674828231334686
1744733399.4417217,2025-04-15 12:09:59.441722,0.2094445452094078,0.6647689640522003
1744733399.4542134,2025-04-15 12:09:59.454213,0.20945234596729279,0.6576169729232788
1744733399.4695563,2025-04-15 12:09:59.469556,0.21087899059057236,0.6583394110202789
1744733399.4901052,2025-04-15 12:09:59.490105,0.21615714579820633,0.6609009206295013
1744733399.5013907,2025-04-15 12:09:59.501391,0.2055547907948494,0.6624372899532318
1744733399.5172765,2025-04-15 12:09:59.517277,0.21686534583568573,0.6599580645561218
1744733399.5332243,2025-04-15 12:09:59.533224,0.20905718952417374,0.6628828942775726
1744733399.548911,2025-04-15 12:09:59.548911,0.20834949612617493,0.6553982198238373
1744733399.5685656,2025-04-15 12:09:59.568566,0.20977932959794998,0.6599828004837036
1744733399.5900555,2025-04-15 12:09:59.590055,0.2079189047217369,0.6474713385105133
1744733399.5965552,2025-04-15 12:09:59.596555,0.21328818798065186,0.6638943254947662
1744733399.6142712,2025-04-15 12:09:59.614271,0.20645716041326523,0.6590902209281921
1744733399.627978,2025-04-15 12:09:59.627978,0.21126478910446167,0.6502399146556854
1744733399.643678,2025-04-15 12:09:59.643678,0.19772707670927048,0.6577485799789429
1744733399.6755385,2025-04-15 12:09:59.675539,0.15859586745500565,0.6791471838951111
1744733399.6912727,2025-04-15 12:09:59.691273,0.1529550477862358,0.6831635534763336
1744733399.7070134,2025-04-15 12:09:59.707013,0.14502179622650146,0.6805645227432251
1744733399.7229526,2025-04-15 12:09:59.722953,0.14799199253320694,0.6865963637828827
1744733399.7388136,2025-04-15 12:09:59.738814,0.14367403835058212,0.6798580288887024
1744733399.754588,2025-04-15 12:09:59.754588,0.14153003692626953,0.6858556866645813
1744733399.7706356,2025-04-15 12:09:59.770636,0.14517681300640106,0.6891868114471436
1744733399.7905905,2025-04-15 12:09:59.790591,0.14460720866918564,0.6908338069915771
1744733399.8026268,2025-04-15 12:09:59.802627,0.1434463933110237,0.6819738149642944
1744733399.8188236,2025-04-15 12:09:59.818824,0.2069222554564476,0.6719565093517303
1744733399.8347304,2025-04-15 12:09:59.834730,0.23577341437339783,0.6696498394012451
1744733399.850578,2025-04-15 12:09:59.850578,0.23415007442235947,0.6574320197105408
1744733399.866432,2025-04-15 12:09:59.866432,0.23331814259290695,0.6615857183933258
1744733399.8906734,2025-04-15 12:09:59.890673,0.23811578750610352,0.663998931646347
1744733399.898268,2025-04-15 12:09:59.898268,0.232635036110878,0.6536400616168976
1744733399.91434,2025-04-15 12:09:59.914340,0.23801353573799133,0.6638365089893341
1744733399.9304948,2025-04-15 12:09:59.930495,0.23597948998212814,0.6629331409931183
1744733399.9503767,2025-04-15 12:09:59.950377,0.2409432828426361,0.6559292376041412
1744733399.9624133,2025-04-15 12:09:59.962413,0.2360357642173767,0.6652408242225647
1744733399.9910603,2025-04-15 12:09:59.991060,0.23443804681301117,0.6641717255115509
1744733399.9942908,2025-04-15 12:09:59.994291,0.23628906160593033,0.6678158640861511
1744733400.0100439,2025-04-15 12:10:00.010044,0.23865485936403275,0.6553315222263336
1744733400.0417268,2025-04-15 12:10:00.041727,0.23545708507299423,0.658058762550354
1744733400.057607,2025-04-15 12:10:00.057607,0.23828819394111633,0.6614255011081696
1744733400.0735528,2025-04-15 12:10:00.073553,0.23500066995620728,0.669085681438446
1744733400.0913122,2025-04-15 12:10:00.091312,0.2397627830505371,0.6663335561752319
1744733400.1058552,2025-04-15 12:10:00.105855,0.23507511615753174,0.6545872986316681
1744733400.1218207,2025-04-15 12:10:00.121821,0.2474503144621849,0.6583140790462494
1744733400.1379418,2025-04-15 12:10:00.137942,0.31408585608005524,0.5149103403091431
1744733400.1540086,2025-04-15 12:10:00.154009,nan,nan
1744733400.1699712,2025-04-15 12:10:00.169971,nan,nan
1744733400.1859996,2025-04-15 12:10:00.186000,nan,nan
1744733400.2022133,2025-04-15 12:10:00.202213,0.34818628430366516,0.42621226608753204
1744733400.2240343,2025-04-15 12:10:00.224034,0.34639857709407806,0.44764791429042816
1744733400.2341564,2025-04-15 12:10:00.234156,0.34992773830890656,0.45785437524318695
1744733400.2499692,2025-04-15 12:10:00.249969,0.34227852523326874,0.4412047564983368
1744733400.2661867,2025-04-15 12:10:00.266187,0.3452483266592026,0.45086561143398285
1744733400.2920902,2025-04-15 12:10:00.292090,0.34508535265922546,0.43752339482307434
1744733400.2983994,2025-04-15 12:10:00.298399,0.34390591084957123,0.4277859777212143
1744733400.3246639,2025-04-15 12:10:00.324664,0.341156467795372,0.42088018357753754
1744733400.341289,2025-04-15 12:10:00.341289,0.3320460468530655,0.3785625249147415
1744733400.34643,2025-04-15 12:10:00.346430,0.33395420014858246,0.3674098551273346
1744733400.3621519,2025-04-15 12:10:00.362152,0.3334483206272125,0.36760927736759186
1744733400.3922262,2025-04-15 12:10:00.392226,0.33452947437763214,0.3657922148704529
1744733400.3940618,2025-04-15 12:10:00.394062,0.33387674391269684,0.36131611466407776
1744733400.4257276,2025-04-15 12:10:00.425728,0.33266235888004303,0.370950385928154
1744733400.4413702,2025-04-15 12:10:00.441370,0.3331529349088669,0.36274051666259766
1744733400.4553647,2025-04-15 12:10:00.455365,0.33096885681152344,0.36553920805454254
1744733400.4711847,2025-04-15 12:10:00.471185,0.33526086807250977,0.3680603951215744
1744733400.4873207,2025-04-15 12:10:00.487321,0.3338525891304016,0.3635294735431671
1744733400.5070295,2025-04-15 12:10:00.507030,0.33067335188388824,0.3573090434074402
1744733400.5190704,2025-04-15 12:10:00.519070,0.332938089966774,0.37054985761642456
1744733400.5348856,2025-04-15 12:10:00.534886,0.3331879675388336,0.3680567741394043
1744733400.5508962,2025-04-15 12:10:00.550896,0.3354327827692032,0.3619994670152664
1744733400.566749,2025-04-15 12:10:00.566749,0.3302972614765167,0.36437664926052094
1744733400.5825722,2025-04-15 12:10:00.582572,0.3302342891693115,0.39054130017757416
1744733400.5993059,2025-04-15 12:10:00.599306,0.336308091878891,0.45230598747730255
1744733400.6142747,2025-04-15 12:10:00.614275,0.3324560821056366,0.4779167026281357
1744733400.630023,2025-04-15 12:10:00.630023,0.3316167742013931,0.45978090167045593
1744733400.6456983,2025-04-15 12:10:00.645698,0.3316566199064255,0.4754374623298645
1744733400.661828,2025-04-15 12:10:00.661828,0.3330998867750168,0.46477024257183075
1744733400.6779723,2025-04-15 12:10:00.677972,0.3319794684648514,0.4708504229784012
1744733400.69413,2025-04-15 12:10:00.694130,0.3269716948270798,0.4706459194421768
1744733400.7265136,2025-04-15 12:10:00.726514,0.33433686196804047,0.46993154287338257
1744733400.7265136,2025-04-15 12:10:00.726514,0.3339211046695709,0.4680733382701874
1744733400.7584522,2025-04-15 12:10:00.758452,0.32380662858486176,0.47323963046073914
1744733400.774523,2025-04-15 12:10:00.774523,0.32364700734615326,0.49187737703323364
1744733400.7904813,2025-04-15 12:10:00.790481,0.3242046535015106,0.4896373450756073
1744733400.8065853,2025-04-15 12:10:00.806585,0.3236888498067856,0.4780254364013672
1744733400.822269,2025-04-15 12:10:00.822269,0.3242660164833069,0.4873784929513931
1744733400.838274,2025-04-15 12:10:00.838274,0.3229568302631378,0.4827466756105423
1744733400.8568997,2025-04-15 12:10:00.856900,0.320562943816185,0.48841340839862823
1744733400.8703341,2025-04-15 12:10:00.870334,0.32598310708999634,0.48187491297721863
1744733400.8864088,2025-04-15 12:10:00.886409,0.3202665448188782,0.4690943956375122
1744733400.9022498,2025-04-15 12:10:00.902250,0.3227638602256775,0.49135255813598633
1744733400.918297,2025-04-15 12:10:00.918297,0.325345978140831,0.47993437945842743
1744733400.9344692,2025-04-15 12:10:00.934469,0.32622766494750977,0.4798874855041504
1744733400.95031,2025-04-15 12:10:00.950310,0.3183313012123108,0.4787411093711853
1744733400.9662955,2025-04-15 12:10:00.966295,0.3206089287996292,0.48912839591503143
1744733400.9822958,2025-04-15 12:10:00.982296,0.3178008645772934,0.4842347353696823
1744733400.9982874,2025-04-15 12:10:00.998287,0.3203396797180176,0.49303439259529114
1744733401.0144613,2025-04-15 12:10:01.014461,0.31855154037475586,0.49093399941921234
1744733401.033664,2025-04-15 12:10:01.033664,0.3177369236946106,0.5022319406270981
1744733401.049552,2025-04-15 12:10:01.049552,0.31948575377464294,0.491058886051178
1744733401.0622451,2025-04-15 12:10:01.062245,0.31814825534820557,0.48647715151309967
1744733401.092865,2025-04-15 12:10:01.092865,0.3204740434885025,0.48060035705566406
1744733401.1081083,2025-04-15 12:10:01.108108,0.31787969172000885,0.48790134489536285
1744733401.1099193,2025-04-15 12:10:01.109919,0.31928980350494385,0.4875793159008026
1744733401.141692,2025-04-15 12:10:01.141692,0.33642327785491943,0.4890681356191635
1744733401.1575162,2025-04-15 12:10:01.157516,0.34411706030368805,0.48510973155498505
1744733401.1732407,2025-04-15 12:10:01.173241,0.34235119819641113,0.4936356246471405
1744733401.1889915,2025-04-15 12:10:01.188992,0.3439056873321533,0.48822884261608124
1744733401.2047753,2025-04-15 12:10:01.204775,0.3442038744688034,0.4990599602460861
1744733401.220342,2025-04-15 12:10:01.220342,0.3456297218799591,0.4884028434753418
1744733401.236464,2025-04-15 12:10:01.236464,0.34441183507442474,0.49276024103164673
1744733401.2522209,2025-04-15 12:10:01.252221,0.33966732025146484,0.4836166650056839
1744733401.2683434,2025-04-15 12:10:01.268343,0.3435291647911072,0.48324012756347656
1744733401.284429,2025-04-15 12:10:01.284429,0.3424125462770462,0.4779479205608368
1744733401.3000753,2025-04-15 12:10:01.300075,0.3415670692920685,0.4888915717601776
1744733401.316088,2025-04-15 12:10:01.316088,0.3413340747356415,0.4893377870321274
1744733401.3318088,2025-04-15 12:10:01.331809,0.34249255061149597,0.48829135298728943
1744733401.3478665,2025-04-15 12:10:01.347867,0.3576818108558655,0.4820910543203354
1744733401.3640077,2025-04-15 12:10:01.364008,0.41045643389225006,0.4705117493867874
1744733401.3799534,2025-04-15 12:10:01.379953,0.4149404317140579,0.4868486523628235
1744733401.3956242,2025-04-15 12:10:01.395624,0.4165690839290619,0.49601851403713226
1744733401.4253495,2025-04-15 12:10:01.425349,0.4134402871131897,0.48439037799835205
1744733401.441883,2025-04-15 12:10:01.441883,0.41448917984962463,0.4733976423740387
1744733401.456983,2025-04-15 12:10:01.456983,0.4114200621843338,0.46495620906352997
1744733401.4730966,2025-04-15 12:10:01.473097,0.4114200174808502,0.4812079966068268
1744733401.489109,2025-04-15 12:10:01.489109,0.4155355244874954,0.48342078924179077
1744733401.50713,2025-04-15 12:10:01.507130,0.4122698903083801,0.48044805228710175
1744733401.5234475,2025-04-15 12:10:01.523448,0.41393549740314484,0.4828961491584778
1744733401.5399396,2025-04-15 12:10:01.539940,0.4155396372079849,0.48486192524433136
1744733401.5568619,2025-04-15 12:10:01.556862,0.40716002881526947,0.47156135737895966
1744733401.5735028,2025-04-15 12:10:01.573503,0.41054685413837433,0.48233914375305176
1744733401.5903442,2025-04-15 12:10:01.590344,0.4127575159072876,0.47602643072605133
1744733401.607015,2025-04-15 12:10:01.607015,0.41744694113731384,0.49507005512714386
1744733401.6235971,2025-04-15 12:10:01.623597,0.4113292396068573,0.4730803370475769
1744733401.640395,2025-04-15 12:10:01.640395,0.40548810362815857,0.48246021568775177
1744733401.6489484,2025-04-15 12:10:01.648948,0.413291871547699,0.4957093298435211
1744733401.6645892,2025-04-15 12:10:01.664589,0.4112528860569,0.4848744124174118
1744733401.6802204,2025-04-15 12:10:01.680220,0.4121769815683365,0.47998370230197906
1744733401.6963425,2025-04-15 12:10:01.696342,0.4123183339834213,0.47429725527763367
1744733401.7121205,2025-04-15 12:10:01.712121,0.4097246378660202,0.478255495429039
1744733401.727995,2025-04-15 12:10:01.727995,0.4085042327642441,0.49240197241306305
1744733401.7437308,2025-04-15 12:10:01.743731,0.41084709763526917,0.4693470299243927
1744733401.7595239,2025-04-15 12:10:01.759524,0.41387757658958435,0.48655593395233154
1744733401.7916741,2025-04-15 12:10:01.791674,0.40897873044013977,0.4760640114545822
1744733401.807034,2025-04-15 12:10:01.807034,0.408637672662735,0.48584869503974915
1744733401.8228974,2025-04-15 12:10:01.822897,0.40841446816921234,0.4908696264028549
1744733401.8409076,2025-04-15 12:10:01.840908,0.4159121513366699,0.4931234270334244
1744733401.8571234,2025-04-15 12:10:01.857123,0.4119720011949539,0.47823566198349
1744733401.873761,2025-04-15 12:10:01.873761,0.4080049693584442,0.48731280863285065
1744733401.8904335,2025-04-15 12:10:01.890434,0.40860529243946075,0.49392034113407135
1744733401.9071262,2025-04-15 12:10:01.907126,0.4103167653083801,0.47116488218307495
1744733401.9239395,2025-04-15 12:10:01.923939,0.4078105688095093,0.4786837697029114
1744733401.940526,2025-04-15 12:10:01.940526,0.40910570323467255,0.4692504405975342
1744733401.9514785,2025-04-15 12:10:01.951478,0.4086979329586029,0.470903217792511
1744733401.9675512,2025-04-15 12:10:01.967551,0.40905626118183136,0.47928109765052795
1744733401.990705,2025-04-15 12:10:01.990705,0.4129372537136078,0.4811018854379654
1744733402.0073366,2025-04-15 12:10:02.007337,0.40836675465106964,0.4693419933319092
1744733402.0240402,2025-04-15 12:10:02.024040,0.4082840383052826,0.474215105175972
1744733402.040769,2025-04-15 12:10:02.040769,0.4156095087528229,0.4816228151321411
1744733402.0574608,2025-04-15 12:10:02.057461,0.40910086035728455,0.4759882986545563
1744733402.0741296,2025-04-15 12:10:02.074130,0.4113096296787262,0.4897414892911911
1744733402.0907702,2025-04-15 12:10:02.090770,0.41057321429252625,0.49027448892593384
1744733402.1074681,2025-04-15 12:10:02.107468,0.44340215623378754,0.454789862036705
1744733402.124129,2025-04-15 12:10:02.124129,0.4465942680835724,0.4457346946001053
1744733402.1408,2025-04-15 12:10:02.140800,0.4470136910676956,0.42628730833530426
1744733402.1585608,2025-04-15 12:10:02.158561,0.44343623518943787,0.42883390188217163
1744733402.1743863,2025-04-15 12:10:02.174386,0.44653457403182983,0.4216046929359436
1744733402.19005,2025-04-15 12:10:02.190050,0.4482140988111496,0.43294259905815125
1744733402.2061682,2025-04-15 12:10:02.206168,0.4439077824354172,0.41869617998600006
1744733402.2244549,2025-04-15 12:10:02.224455,0.44448886811733246,0.4205186516046524
1744733402.2407649,2025-04-15 12:10:02.240765,0.44580626487731934,0.429163321852684
1744733402.257423,2025-04-15 12:10:02.257423,0.4406737685203552,0.42679376900196075
1744733402.2741044,2025-04-15 12:10:02.274104,0.44196367263793945,0.4445863515138626
1744733402.285818,2025-04-15 12:10:02.285818,0.4398254454135895,0.42453567683696747
1744733402.302017,2025-04-15 12:10:02.302017,0.44136422872543335,0.4293103665113449
1744733402.3241134,2025-04-15 12:10:02.324113,0.4432924836874008,0.41150741279125214
1744733402.3408003,2025-04-15 12:10:02.340800,0.44731898605823517,0.3989102244377136
1744733402.3574183,2025-04-15 12:10:02.357418,0.4468643218278885,0.4110545217990875
1744733402.374085,2025-04-15 12:10:02.374085,0.44669538736343384,0.39783984422683716
1744733402.381426,2025-04-15 12:10:02.381426,0.4488264173269272,0.4077913761138916
1744733402.3971522,2025-04-15 12:10:02.397152,0.44747723639011383,0.40439803898334503
1744733402.4251502,2025-04-15 12:10:02.425150,0.44669803977012634,0.4010170251131058
1744733402.44139,2025-04-15 12:10:02.441390,0.44731906056404114,0.4016851484775543
1744733402.4582334,2025-04-15 12:10:02.458233,0.4462974965572357,0.40480710566043854
1744733402.474022,2025-04-15 12:10:02.474022,0.44824734330177307,0.4079674780368805
1744733402.4900086,2025-04-15 12:10:02.490009,0.4457668662071228,0.4080815613269806
1744733402.505763,2025-04-15 12:10:02.505763,0.44650180637836456,0.41034887731075287
1744733402.5242689,2025-04-15 12:10:02.524269,0.4456969350576401,0.40115004777908325
1744733402.5380762,2025-04-15 12:10:02.538076,0.4508975148200989,0.4076172411441803
1744733402.5576856,2025-04-15 12:10:02.557686,0.44821566343307495,0.40996114909648895
1744733402.5743587,2025-04-15 12:10:02.574359,0.4471087008714676,0.40922459959983826
1744733402.5911615,2025-04-15 12:10:02.591161,0.450119748711586,0.40600647032260895
1744733402.607832,2025-04-15 12:10:02.607832,0.42735956609249115,0.42490385472774506
1744733402.6243198,2025-04-15 12:10:02.624320,0.4103957712650299,0.45826591551303864
1744733402.6410668,2025-04-15 12:10:02.641067,0.40392300486564636,0.4656178206205368
1744733402.649195,2025-04-15 12:10:02.649195,0.4085333049297333,0.45765364170074463
1744733402.6652575,2025-04-15 12:10:02.665257,0.40531565248966217,0.4684714376926422
1744733402.6813877,2025-04-15 12:10:02.681388,0.4057948738336563,0.46946969628334045
1744733402.6973748,2025-04-15 12:10:02.697375,0.4032592624425888,0.47193683683872223
1744733402.72447,2025-04-15 12:10:02.724470,0.40744294226169586,0.4679253548383713
1744733402.7411299,2025-04-15 12:10:02.741130,0.4076652526855469,0.46756310760974884
