timestamp,time_readable,x,y
1744733922.5301774,2025-04-15 12:18:42.530177,nan,nan
1744733922.5460384,2025-04-15 12:18:42.546038,nan,nan
1744733922.5967903,2025-04-15 12:18:42.596790,nan,nan
1744733922.5967903,2025-04-15 12:18:42.596790,nan,nan
1744733922.5967903,2025-04-15 12:18:42.596790,nan,nan
1744733922.6167054,2025-04-15 12:18:42.616705,nan,nan
1744733922.6290126,2025-04-15 12:18:42.629013,nan,nan
1744733922.6501539,2025-04-15 12:18:42.650154,nan,nan
1744733922.6616187,2025-04-15 12:18:42.661619,nan,nan
1744733922.6789424,2025-04-15 12:18:42.678942,nan,nan
1744733922.6959486,2025-04-15 12:18:42.695949,nan,nan
1744733922.7161934,2025-04-15 12:18:42.716193,nan,nan
1744733922.732029,2025-04-15 12:18:42.732029,nan,nan
1744733922.746397,2025-04-15 12:18:42.746397,nan,nan
1744733922.7643895,2025-04-15 12:18:42.764390,nan,nan
1744733922.7796907,2025-04-15 12:18:42.779691,nan,nan
1744733922.7964659,2025-04-15 12:18:42.796466,nan,nan
1744733922.8151789,2025-04-15 12:18:42.815179,nan,nan
1744733922.8334415,2025-04-15 12:18:42.833441,nan,nan
1744733922.84586,2025-04-15 12:18:42.845860,nan,nan
1744733922.8640866,2025-04-15 12:18:42.864087,nan,nan
1744733922.8794613,2025-04-15 12:18:42.879461,nan,nan
1744733922.8957405,2025-04-15 12:18:42.895741,nan,nan
1744733922.9152493,2025-04-15 12:18:42.915249,nan,nan
1744733922.9289334,2025-04-15 12:18:42.928933,nan,nan
1744733922.9459589,2025-04-15 12:18:42.945959,nan,nan
1744733922.9623373,2025-04-15 12:18:42.962337,nan,nan
1744733922.9817529,2025-04-15 12:18:42.981753,nan,nan
1744733922.9999945,2025-04-15 12:18:42.999995,nan,nan
1744733923.01566,2025-04-15 12:18:43.015660,nan,nan
1744733923.0293725,2025-04-15 12:18:43.029372,nan,nan
1744733923.0460565,2025-04-15 12:18:43.046057,nan,nan
1744733923.0644512,2025-04-15 12:18:43.064451,nan,nan
1744733923.0808632,2025-04-15 12:18:43.080863,nan,nan
1744733923.1181445,2025-04-15 12:18:43.118145,nan,nan
1744733923.1181445,2025-04-15 12:18:43.118145,nan,nan
1744733923.136899,2025-04-15 12:18:43.136899,nan,nan
1744733923.1799734,2025-04-15 12:18:43.179973,nan,nan
1744733923.1799734,2025-04-15 12:18:43.179973,nan,nan
1744733923.1799734,2025-04-15 12:18:43.179973,nan,nan
1744733923.2001345,2025-04-15 12:18:43.200135,nan,nan
1744733923.2163928,2025-04-15 12:18:43.216393,nan,nan
1744733923.2348158,2025-04-15 12:18:43.234816,nan,nan
1744733923.2469718,2025-04-15 12:18:43.246972,nan,nan
1744733923.267194,2025-04-15 12:18:43.267194,nan,nan
1744733923.279579,2025-04-15 12:18:43.279579,nan,nan
1744733923.2980814,2025-04-15 12:18:43.298081,nan,nan
1744733923.3166726,2025-04-15 12:18:43.316673,nan,nan
1744733923.3303473,2025-04-15 12:18:43.330347,nan,nan
1744733923.35071,2025-04-15 12:18:43.350710,nan,nan
1744733923.3629787,2025-04-15 12:18:43.362979,nan,nan
1744733923.3801177,2025-04-15 12:18:43.380118,nan,nan
1744733923.397107,2025-04-15 12:18:43.397107,nan,nan
1744733923.416863,2025-04-15 12:18:43.416863,nan,nan
1744733923.4287841,2025-04-15 12:18:43.428784,nan,nan
1744733923.4450092,2025-04-15 12:18:43.445009,nan,nan
1744733923.4612045,2025-04-15 12:18:43.461205,nan,nan
1744733923.4768884,2025-04-15 12:18:43.476888,nan,nan
1744733923.4925694,2025-04-15 12:18:43.492569,nan,nan
1744733923.516979,2025-04-15 12:18:43.516979,nan,nan
1744733923.5246747,2025-04-15 12:18:43.524675,nan,nan
1744733923.5405736,2025-04-15 12:18:43.540574,nan,nan
1744733923.556234,2025-04-15 12:18:43.556234,nan,nan
1744733923.5790427,2025-04-15 12:18:43.579043,nan,nan
1744733923.5957918,2025-04-15 12:18:43.595792,nan,nan
1744733923.617333,2025-04-15 12:18:43.617333,nan,nan
1744733923.6199856,2025-04-15 12:18:43.619986,nan,nan
1744733923.6517518,2025-04-15 12:18:43.651752,nan,nan
1744733923.6678867,2025-04-15 12:18:43.667887,nan,nan
1744733923.6998446,2025-04-15 12:18:43.699845,nan,nan
1744733923.6998446,2025-04-15 12:18:43.699845,nan,nan
1744733923.7173233,2025-04-15 12:18:43.717323,nan,nan
1744733923.7633595,2025-04-15 12:18:43.763360,nan,nan
1744733923.7633595,2025-04-15 12:18:43.763360,nan,nan
1744733923.7633595,2025-04-15 12:18:43.763360,nan,nan
1744733923.7790787,2025-04-15 12:18:43.779079,nan,nan
1744733923.7951827,2025-04-15 12:18:43.795183,nan,nan
1744733923.817409,2025-04-15 12:18:43.817409,nan,nan
1744733923.8269877,2025-04-15 12:18:43.826988,nan,nan
1744733923.8429387,2025-04-15 12:18:43.842939,nan,nan
1744733923.862716,2025-04-15 12:18:43.862716,nan,nan
1744733923.8748178,2025-04-15 12:18:43.874818,nan,nan
1744733923.8960474,2025-04-15 12:18:43.896047,nan,nan
1744733923.9175222,2025-04-15 12:18:43.917522,nan,nan
1744733923.9225352,2025-04-15 12:18:43.922535,nan,nan
1744733923.9478734,2025-04-15 12:18:43.947873,nan,nan
1744733923.9542592,2025-04-15 12:18:43.954259,nan,nan
1744733923.9701104,2025-04-15 12:18:43.970110,nan,nan
1744733923.986029,2025-04-15 12:18:43.986029,nan,nan
1744733924.0178602,2025-04-15 12:18:44.017860,nan,nan
1744733924.0335433,2025-04-15 12:18:44.033543,nan,nan
1744733924.049512,2025-04-15 12:18:44.049512,nan,nan
1744733924.0653121,2025-04-15 12:18:44.065312,nan,nan
1744733924.0811293,2025-04-15 12:18:44.081129,nan,nan
1744733924.0970483,2025-04-15 12:18:44.097048,nan,nan
1744733924.113066,2025-04-15 12:18:44.113066,nan,nan
1744733924.1327846,2025-04-15 12:18:44.132785,nan,nan
1744733924.144889,2025-04-15 12:18:44.144889,nan,nan
1744733924.1607103,2025-04-15 12:18:44.160710,nan,nan
1744733924.1765957,2025-04-15 12:18:44.176596,nan,nan
1744733924.1944735,2025-04-15 12:18:44.194474,nan,nan
1744733924.2129066,2025-04-15 12:18:44.212907,nan,nan
1744733924.2343028,2025-04-15 12:18:44.234303,nan,nan
1744733924.240431,2025-04-15 12:18:44.240431,nan,nan
1744733924.2720516,2025-04-15 12:18:44.272052,nan,nan
1744733924.2879972,2025-04-15 12:18:44.287997,nan,nan
1744733924.3356063,2025-04-15 12:18:44.335606,nan,nan
1744733924.3356063,2025-04-15 12:18:44.335606,nan,nan
1744733924.3356063,2025-04-15 12:18:44.335606,nan,nan
1744733924.3514228,2025-04-15 12:18:44.351423,nan,nan
1744733924.3672273,2025-04-15 12:18:44.367227,nan,nan
1744733924.383195,2025-04-15 12:18:44.383195,nan,nan
1744733924.4080498,2025-04-15 12:18:44.408050,nan,nan
1744733924.4192474,2025-04-15 12:18:44.419247,nan,nan
1744733924.4307723,2025-04-15 12:18:44.430772,nan,nan
1744733924.4464324,2025-04-15 12:18:44.446432,nan,nan
1744733924.4626508,2025-04-15 12:18:44.462651,nan,nan
1744733924.4784088,2025-04-15 12:18:44.478409,nan,nan
1744733924.5013328,2025-04-15 12:18:44.501333,nan,nan
1744733924.5260892,2025-04-15 12:18:44.526089,nan,nan
1744733924.5418503,2025-04-15 12:18:44.541850,nan,nan
1744733924.557984,2025-04-15 12:18:44.557984,nan,nan
1744733924.5762584,2025-04-15 12:18:44.576258,nan,nan
1744733924.5897691,2025-04-15 12:18:44.589769,nan,nan
1744733924.6056979,2025-04-15 12:18:44.605698,nan,nan
1744733924.621372,2025-04-15 12:18:44.621372,nan,nan
1744733924.6370647,2025-04-15 12:18:44.637065,nan,nan
1744733924.6528661,2025-04-15 12:18:44.652866,nan,nan
1744733924.6687145,2025-04-15 12:18:44.668715,nan,nan
1744733924.6848106,2025-04-15 12:18:44.684811,nan,nan
1744733924.700491,2025-04-15 12:18:44.700491,nan,nan
1744733924.7197373,2025-04-15 12:18:44.719737,nan,nan
1744733924.7322118,2025-04-15 12:18:44.732212,nan,nan
1744733924.7480147,2025-04-15 12:18:44.748015,nan,nan
1744733924.763741,2025-04-15 12:18:44.763741,nan,nan
1744733924.7795858,2025-04-15 12:18:44.779586,nan,nan
1744733924.794803,2025-04-15 12:18:44.794803,nan,nan
1744733924.8196971,2025-04-15 12:18:44.819697,nan,nan
1744733924.858276,2025-04-15 12:18:44.858276,nan,nan
1744733924.858276,2025-04-15 12:18:44.858276,nan,nan
1744733924.874133,2025-04-15 12:18:44.874133,nan,nan
1744733924.9213495,2025-04-15 12:18:44.921350,nan,nan
1744733924.9213495,2025-04-15 12:18:44.921350,nan,nan
1744733924.9213495,2025-04-15 12:18:44.921350,nan,nan
1744733924.9370472,2025-04-15 12:18:44.937047,nan,nan
1744733924.9529662,2025-04-15 12:18:44.952966,nan,nan
1744733924.9687295,2025-04-15 12:18:44.968729,nan,nan
1744733924.9845717,2025-04-15 12:18:44.984572,nan,nan
1744733925.0004377,2025-04-15 12:18:45.000438,nan,nan
1744733925.0199454,2025-04-15 12:18:45.019945,nan,nan
1744733925.0322933,2025-04-15 12:18:45.032293,nan,nan
1744733925.0479589,2025-04-15 12:18:45.047959,nan,nan
1744733925.0638032,2025-04-15 12:18:45.063803,nan,nan
1744733925.0794897,2025-04-15 12:18:45.079490,nan,nan
1744733925.0952024,2025-04-15 12:18:45.095202,nan,nan
1744733925.1199887,2025-04-15 12:18:45.119989,nan,nan
1744733925.127198,2025-04-15 12:18:45.127198,nan,nan
1744733925.1590202,2025-04-15 12:18:45.159020,nan,nan
1744733925.174798,2025-04-15 12:18:45.174798,nan,nan
1744733925.1909199,2025-04-15 12:18:45.190920,nan,nan
1744733925.2070177,2025-04-15 12:18:45.207018,nan,nan
1744733925.2229474,2025-04-15 12:18:45.222947,nan,nan
1744733925.2387376,2025-04-15 12:18:45.238738,nan,nan
1744733925.254528,2025-04-15 12:18:45.254528,nan,nan
1744733925.2743413,2025-04-15 12:18:45.274341,nan,nan
1744733925.2861927,2025-04-15 12:18:45.286193,nan,nan
1744733925.3022902,2025-04-15 12:18:45.302290,nan,nan
1744733925.3205922,2025-04-15 12:18:45.320592,nan,nan
1744733925.3338404,2025-04-15 12:18:45.333840,nan,nan
1744733925.349952,2025-04-15 12:18:45.349952,nan,nan
1744733925.3656192,2025-04-15 12:18:45.365619,nan,nan
1744733925.3815887,2025-04-15 12:18:45.381589,nan,nan
1744733925.3975542,2025-04-15 12:18:45.397554,nan,nan
1744733925.429537,2025-04-15 12:18:45.429537,nan,nan
1744733925.4452891,2025-04-15 12:18:45.445289,nan,nan
1744733925.493095,2025-04-15 12:18:45.493095,nan,nan
1744733925.493095,2025-04-15 12:18:45.493095,nan,nan
1744733925.493095,2025-04-15 12:18:45.493095,nan,nan
1744733925.5156837,2025-04-15 12:18:45.515684,nan,nan
1744733925.5249794,2025-04-15 12:18:45.524979,nan,nan
1744733925.540789,2025-04-15 12:18:45.540789,nan,nan
1744733925.5566561,2025-04-15 12:18:45.556656,nan,nan
1744733925.5728726,2025-04-15 12:18:45.572873,nan,nan
1744733925.5976439,2025-04-15 12:18:45.597644,nan,nan
1744733925.616707,2025-04-15 12:18:45.616707,nan,nan
1744733925.6336389,2025-04-15 12:18:45.633639,nan,nan
1744733925.6501186,2025-04-15 12:18:45.650119,nan,nan
1744733925.6679568,2025-04-15 12:18:45.667957,nan,nan
1744733925.6836662,2025-04-15 12:18:45.683666,nan,nan
1744733925.6994438,2025-04-15 12:18:45.699444,nan,nan
1744733925.715442,2025-04-15 12:18:45.715442,nan,nan
1744733925.7315056,2025-04-15 12:18:45.731506,nan,nan
1744733925.7476249,2025-04-15 12:18:45.747625,nan,nan
1744733925.7636337,2025-04-15 12:18:45.763634,nan,nan
1744733925.7796464,2025-04-15 12:18:45.779646,nan,nan
1744733925.7954397,2025-04-15 12:18:45.795440,nan,nan
1744733925.8113055,2025-04-15 12:18:45.811306,nan,nan
1744733925.827054,2025-04-15 12:18:45.827054,nan,nan
1744733925.843104,2025-04-15 12:18:45.843104,nan,nan
1744733925.8643808,2025-04-15 12:18:45.864381,nan,nan
1744733925.8809474,2025-04-15 12:18:45.880947,nan,nan
1744733925.892596,2025-04-15 12:18:45.892596,nan,nan
1744733925.9112046,2025-04-15 12:18:45.911205,nan,nan
1744733925.9223313,2025-04-15 12:18:45.922331,nan,nan
1744733925.9384239,2025-04-15 12:18:45.938424,nan,nan
1744733925.96624,2025-04-15 12:18:45.966240,nan,nan
1744733925.9812462,2025-04-15 12:18:45.981246,nan,nan
1744733926.0215652,2025-04-15 12:18:46.021565,nan,nan
1744733926.0236545,2025-04-15 12:18:46.023654,nan,nan
1744733926.034034,2025-04-15 12:18:46.034034,nan,nan
1744733926.0833871,2025-04-15 12:18:46.083387,nan,nan
1744733926.0833871,2025-04-15 12:18:46.083387,nan,nan
1744733926.0833871,2025-04-15 12:18:46.083387,nan,nan
1744733926.097484,2025-04-15 12:18:46.097484,nan,nan
1744733926.1154137,2025-04-15 12:18:46.115414,nan,nan
1744733926.1335711,2025-04-15 12:18:46.133571,nan,nan
1744733926.1453717,2025-04-15 12:18:46.145372,nan,nan
1744733926.1611755,2025-04-15 12:18:46.161175,nan,nan
1744733926.1813283,2025-04-15 12:18:46.181328,nan,nan
1744733926.1979096,2025-04-15 12:18:46.197910,nan,nan
1744733926.2113652,2025-04-15 12:18:46.211365,nan,nan
1744733926.231272,2025-04-15 12:18:46.231272,nan,nan
1744733926.2403667,2025-04-15 12:18:46.240367,nan,nan
1744733926.264877,2025-04-15 12:18:46.264877,nan,nan
1744733926.2722223,2025-04-15 12:18:46.272222,nan,nan
1744733926.2982695,2025-04-15 12:18:46.298270,nan,nan
1744733926.314931,2025-04-15 12:18:46.314931,nan,nan
1744733926.3307645,2025-04-15 12:18:46.330765,nan,nan
1744733926.335997,2025-04-15 12:18:46.335997,nan,nan
1744733926.3677459,2025-04-15 12:18:46.367746,nan,nan
1744733926.3836215,2025-04-15 12:18:46.383621,nan,nan
1744733926.3994343,2025-04-15 12:18:46.399434,nan,nan
1744733926.4151487,2025-04-15 12:18:46.415149,nan,nan
1744733926.4309845,2025-04-15 12:18:46.430984,nan,nan
1744733926.44902,2025-04-15 12:18:46.449020,nan,nan
1744733926.464868,2025-04-15 12:18:46.464868,nan,nan
1744733926.4815836,2025-04-15 12:18:46.481584,nan,nan
1744733926.4982402,2025-04-15 12:18:46.498240,nan,nan
1744733926.5149252,2025-04-15 12:18:46.514925,nan,nan
1744733926.5317779,2025-04-15 12:18:46.531778,nan,nan
1744733926.5482016,2025-04-15 12:18:46.548202,nan,nan
1744733926.5649805,2025-04-15 12:18:46.564981,nan,nan
1744733926.614926,2025-04-15 12:18:46.614926,nan,nan
1744733926.614926,2025-04-15 12:18:46.614926,nan,nan
1744733926.62227,2025-04-15 12:18:46.622270,nan,nan
1744733926.6691382,2025-04-15 12:18:46.669138,nan,nan
1744733926.6691382,2025-04-15 12:18:46.669138,nan,nan
1744733926.6691382,2025-04-15 12:18:46.669138,nan,nan
1744733926.684952,2025-04-15 12:18:46.684952,nan,nan
1744733926.7006176,2025-04-15 12:18:46.700618,nan,nan
1744733926.72224,2025-04-15 12:18:46.722240,nan,nan
1744733926.7317815,2025-04-15 12:18:46.731781,nan,nan
1744733926.7475677,2025-04-15 12:18:46.747568,nan,nan
1744733926.7635436,2025-04-15 12:18:46.763544,nan,nan
1744733926.781732,2025-04-15 12:18:46.781732,nan,nan
1744733926.807883,2025-04-15 12:18:46.807883,nan,nan
1744733926.8224165,2025-04-15 12:18:46.822417,nan,nan
1744733926.842994,2025-04-15 12:18:46.842994,nan,nan
1744733926.8589766,2025-04-15 12:18:46.858977,nan,nan
1744733926.874916,2025-04-15 12:18:46.874916,nan,nan
1744733926.8909955,2025-04-15 12:18:46.890996,nan,nan
1744733926.9068918,2025-04-15 12:18:46.906892,nan,nan
1744733926.9226222,2025-04-15 12:18:46.922622,nan,nan
1744733926.938352,2025-04-15 12:18:46.938352,nan,nan
1744733926.9544284,2025-04-15 12:18:46.954428,nan,nan
1744733926.9743001,2025-04-15 12:18:46.974300,nan,nan
1744733926.9863188,2025-04-15 12:18:46.986319,nan,nan
1744733927.0022979,2025-04-15 12:18:47.002298,nan,nan
1744733927.0230627,2025-04-15 12:18:47.023063,nan,nan
1744733927.0365317,2025-04-15 12:18:47.036532,nan,nan
1744733927.0502973,2025-04-15 12:18:47.050297,nan,nan
1744733927.06633,2025-04-15 12:18:47.066330,nan,nan
1744733927.0820484,2025-04-15 12:18:47.082048,nan,nan
1744733927.100232,2025-04-15 12:18:47.100232,nan,nan
1744733927.1234295,2025-04-15 12:18:47.123430,nan,nan
1744733927.1318123,2025-04-15 12:18:47.131812,nan,nan
1744733927.1455948,2025-04-15 12:18:47.145595,nan,nan
1744733927.1821606,2025-04-15 12:18:47.182161,nan,nan
1744733927.1987524,2025-04-15 12:18:47.198752,nan,nan
1744733927.2487924,2025-04-15 12:18:47.248792,nan,nan
1744733927.2487924,2025-04-15 12:18:47.248792,nan,nan
1744733927.2487924,2025-04-15 12:18:47.248792,nan,nan
1744733927.257431,2025-04-15 12:18:47.257431,nan,nan
1744733927.2733667,2025-04-15 12:18:47.273367,nan,nan
1744733927.28939,2025-04-15 12:18:47.289390,nan,nan
1744733927.3157883,2025-04-15 12:18:47.315788,nan,nan
1744733927.3322074,2025-04-15 12:18:47.332207,nan,nan
1744733927.3372462,2025-04-15 12:18:47.337246,nan,nan
1744733927.365556,2025-04-15 12:18:47.365556,nan,nan
1744733927.3823872,2025-04-15 12:18:47.382387,nan,nan
1744733927.400921,2025-04-15 12:18:47.400921,nan,nan
1744733927.4169657,2025-04-15 12:18:47.416966,nan,nan
1744733927.4325552,2025-04-15 12:18:47.432555,nan,nan
1744733927.4485064,2025-04-15 12:18:47.448506,nan,nan
1744733927.466412,2025-04-15 12:18:47.466412,nan,nan
1744733927.4826815,2025-04-15 12:18:47.482682,nan,nan
1744733927.4989552,2025-04-15 12:18:47.498955,nan,nan
1744733927.5157633,2025-04-15 12:18:47.515763,nan,nan
1744733927.5324662,2025-04-15 12:18:47.532466,nan,nan
1744733927.5490603,2025-04-15 12:18:47.549060,nan,nan
1744733927.565961,2025-04-15 12:18:47.565961,nan,nan
1744733927.5762157,2025-04-15 12:18:47.576216,nan,nan
1744733927.5992138,2025-04-15 12:18:47.599214,nan,nan
1744733927.6157727,2025-04-15 12:18:47.615773,nan,nan
1744733927.6326797,2025-04-15 12:18:47.632680,nan,nan
1744733927.6493893,2025-04-15 12:18:47.649389,nan,nan
1744733927.66609,2025-04-15 12:18:47.666090,nan,nan
1744733927.6827466,2025-04-15 12:18:47.682747,nan,nan
1744733927.6994562,2025-04-15 12:18:47.699456,nan,nan
1744733927.7161484,2025-04-15 12:18:47.716148,nan,nan
1744733927.7328064,2025-04-15 12:18:47.732806,nan,nan
1744733927.7672672,2025-04-15 12:18:47.767267,nan,nan
1744733927.7672672,2025-04-15 12:18:47.767267,nan,nan
1744733927.7831326,2025-04-15 12:18:47.783133,nan,nan
1744733927.832447,2025-04-15 12:18:47.832447,nan,nan
1744733927.832447,2025-04-15 12:18:47.832447,nan,nan
1744733927.832447,2025-04-15 12:18:47.832447,nan,nan
1744733927.8460832,2025-04-15 12:18:47.846083,nan,nan
1744733927.8660607,2025-04-15 12:18:47.866061,nan,nan
1744733927.8779738,2025-04-15 12:18:47.877974,nan,nan
1744733927.8940892,2025-04-15 12:18:47.894089,nan,nan
1744733927.9098465,2025-04-15 12:18:47.909847,nan,nan
1744733927.925827,2025-04-15 12:18:47.925827,nan,nan
1744733927.949383,2025-04-15 12:18:47.949383,nan,nan
1744733927.9574776,2025-04-15 12:18:47.957478,nan,nan
1744733927.9731402,2025-04-15 12:18:47.973140,nan,nan
1744733927.9994085,2025-04-15 12:18:47.999408,nan,nan
1744733928.0105872,2025-04-15 12:18:48.010587,nan,nan
1744733928.0256772,2025-04-15 12:18:48.025677,nan,nan
1744733928.0367546,2025-04-15 12:18:48.036755,nan,nan
1744733928.069113,2025-04-15 12:18:48.069113,nan,nan
1744733928.0830758,2025-04-15 12:18:48.083076,nan,nan
1744733928.100753,2025-04-15 12:18:48.100753,nan,nan
1744733928.1167338,2025-04-15 12:18:48.116734,nan,nan
1744733928.134241,2025-04-15 12:18:48.134241,nan,nan
1744733928.1480303,2025-04-15 12:18:48.148030,nan,nan
1744733928.166298,2025-04-15 12:18:48.166298,nan,nan
1744733928.1830826,2025-04-15 12:18:48.183083,nan,nan
1744733928.1955948,2025-04-15 12:18:48.195595,nan,nan
1744733928.2163494,2025-04-15 12:18:48.216349,nan,nan
1744733928.2330298,2025-04-15 12:18:48.233030,nan,nan
1744733928.2497194,2025-04-15 12:18:48.249719,nan,nan
1744733928.2665513,2025-04-15 12:18:48.266551,nan,nan
1744733928.2848525,2025-04-15 12:18:48.284853,nan,nan
1744733928.2916026,2025-04-15 12:18:48.291603,nan,nan
1744733928.3166037,2025-04-15 12:18:48.316604,nan,nan
1744733928.3550487,2025-04-15 12:18:48.355049,nan,nan
1744733928.3550487,2025-04-15 12:18:48.355049,nan,nan
1744733928.3710182,2025-04-15 12:18:48.371018,nan,nan
1744733928.4166863,2025-04-15 12:18:48.416686,nan,nan
1744733928.4187083,2025-04-15 12:18:48.418708,nan,nan
1744733928.4187083,2025-04-15 12:18:48.418708,nan,nan
1744733928.4275856,2025-04-15 12:18:48.427586,nan,nan
1744733928.4500766,2025-04-15 12:18:48.450077,nan,nan
1744733928.466132,2025-04-15 12:18:48.466132,nan,nan
1744733928.4822361,2025-04-15 12:18:48.482236,nan,nan
1744733928.5001612,2025-04-15 12:18:48.500161,nan,nan
1744733928.516307,2025-04-15 12:18:48.516307,nan,nan
1744733928.5332766,2025-04-15 12:18:48.533277,nan,nan
1744733928.5499766,2025-04-15 12:18:48.549977,nan,nan
1744733928.5666986,2025-04-15 12:18:48.566699,nan,nan
1744733928.5835066,2025-04-15 12:18:48.583507,nan,nan
1744733928.593542,2025-04-15 12:18:48.593542,nan,nan
1744733928.6167164,2025-04-15 12:18:48.616716,nan,nan
1744733928.6335588,2025-04-15 12:18:48.633559,nan,nan
1744733928.6502185,2025-04-15 12:18:48.650218,nan,nan
1744733928.657413,2025-04-15 12:18:48.657413,nan,nan
1744733928.6835794,2025-04-15 12:18:48.683579,nan,nan
1744733928.700266,2025-04-15 12:18:48.700266,nan,nan
1744733928.7169397,2025-04-15 12:18:48.716940,nan,nan
1744733928.7336304,2025-04-15 12:18:48.733630,nan,nan
1744733928.7502959,2025-04-15 12:18:48.750296,nan,nan
1744733928.7526748,2025-04-15 12:18:48.752675,nan,nan
1744733928.7845325,2025-04-15 12:18:48.784533,nan,nan
1744733928.8004525,2025-04-15 12:18:48.800452,nan,nan
1744733928.8165271,2025-04-15 12:18:48.816527,nan,nan
1744733928.8345468,2025-04-15 12:18:48.834547,nan,nan
1744733928.8505845,2025-04-15 12:18:48.850585,nan,nan
1744733928.866699,2025-04-15 12:18:48.866699,nan,nan
1744733928.880633,2025-04-15 12:18:48.880633,nan,nan
1744733928.900139,2025-04-15 12:18:48.900139,nan,nan
1744733928.9289124,2025-04-15 12:18:48.928912,nan,nan
1744733928.9439278,2025-04-15 12:18:48.943928,nan,nan
1744733928.9925578,2025-04-15 12:18:48.992558,nan,nan
1744733928.9925578,2025-04-15 12:18:48.992558,nan,nan
1744733928.9925578,2025-04-15 12:18:48.992558,nan,nan
1744733929.007512,2025-04-15 12:18:49.007512,nan,nan
1744733929.0234094,2025-04-15 12:18:49.023409,nan,nan
1744733929.0415626,2025-04-15 12:18:49.041563,nan,nan
1744733929.0552318,2025-04-15 12:18:49.055232,nan,nan
1744733929.0709095,2025-04-15 12:18:49.070910,nan,nan
1744733929.0868459,2025-04-15 12:18:49.086846,nan,nan
1744733929.1028655,2025-04-15 12:18:49.102865,nan,nan
1744733929.1185372,2025-04-15 12:18:49.118537,nan,nan
1744733929.1343722,2025-04-15 12:18:49.134372,nan,nan
1744733929.1504624,2025-04-15 12:18:49.150462,nan,nan
1744733929.166373,2025-04-15 12:18:49.166373,nan,nan
1744733929.1820228,2025-04-15 12:18:49.182023,nan,nan
1744733929.1977906,2025-04-15 12:18:49.197791,0.8574195206165314,0.2599663883447647
1744733929.2136507,2025-04-15 12:18:49.213651,0.8535700440406799,0.2532102018594742
1744733929.229465,2025-04-15 12:18:49.229465,0.8618688881397247,0.2391740009188652
1744733929.245575,2025-04-15 12:18:49.245575,nan,nan
1744733929.2774425,2025-04-15 12:18:49.277442,0.8682554364204407,0.22353632748126984
1744733929.2931018,2025-04-15 12:18:49.293102,0.8620153963565826,0.23110271990299225
1744733929.3090587,2025-04-15 12:18:49.309059,nan,nan
1744733929.3249843,2025-04-15 12:18:49.324984,nan,nan
1744733929.3409038,2025-04-15 12:18:49.340904,0.8679440319538116,0.13854920491576195
1744733929.3567667,2025-04-15 12:18:49.356767,0.8649050295352936,0.10365341976284981
1744733929.3724825,2025-04-15 12:18:49.372483,0.854743242263794,0.15255425870418549
1744733929.3883913,2025-04-15 12:18:49.388391,0.8579541146755219,0.11867611110210419
1744733929.4041321,2025-04-15 12:18:49.404132,0.8561766147613525,0.12753939256072044
1744733929.4198246,2025-04-15 12:18:49.419825,0.8767791390419006,0.10803984105587006
1744733929.435704,2025-04-15 12:18:49.435704,0.8723722100257874,0.10951930284500122
1744733929.4514163,2025-04-15 12:18:49.451416,0.8298368453979492,0.1357114277780056
1744733929.4674177,2025-04-15 12:18:49.467418,0.5980073809623718,0.1916697919368744
1744733929.4938555,2025-04-15 12:18:49.493855,0.5203553140163422,0.22115574032068253
1744733929.4991834,2025-04-15 12:18:49.499183,0.5224902927875519,0.2296077460050583
1744733929.515031,2025-04-15 12:18:49.515031,0.5368106663227081,0.2604583203792572
1744733929.5322938,2025-04-15 12:18:49.532294,0.5357120037078857,0.2233458012342453
1744733929.5507307,2025-04-15 12:18:49.550731,0.5247755646705627,0.24206167459487915
1744733929.5783956,2025-04-15 12:18:49.578396,0.5272215902805328,0.25416410714387894
1744733929.594321,2025-04-15 12:18:49.594321,0.5179247856140137,0.22973838448524475
1744733929.6104112,2025-04-15 12:18:49.610411,0.5344323813915253,0.21766669303178787
1744733929.6266015,2025-04-15 12:18:49.626601,0.543705940246582,0.2539549469947815
1744733929.6425254,2025-04-15 12:18:49.642525,0.5207832455635071,0.2622162774205208
1744733929.658452,2025-04-15 12:18:49.658452,0.5213162004947662,0.23938414454460144
1744733929.6741452,2025-04-15 12:18:49.674145,0.5330550968647003,0.2522452399134636
1744733929.6901422,2025-04-15 12:18:49.690142,0.47155338525772095,0.20478646457195282
1744733929.7059329,2025-04-15 12:18:49.705933,0.3372803181409836,0.22018735110759735
1744733929.7220078,2025-04-15 12:18:49.722008,0.30553631484508514,0.23406607657670975
1744733929.7378159,2025-04-15 12:18:49.737816,0.2985406219959259,0.22030621767044067
1744733929.7537062,2025-04-15 12:18:49.753706,0.30994072556495667,0.20297763496637344
1744733929.7695987,2025-04-15 12:18:49.769599,0.3012329041957855,0.2097863405942917
1744733929.7930505,2025-04-15 12:18:49.793051,0.30437688529491425,0.2001318335533142
1744733929.8013587,2025-04-15 12:18:49.801359,0.30435067415237427,0.18769772350788116
1744733929.8172743,2025-04-15 12:18:49.817274,0.3062671422958374,0.19429539144039154
1744733929.83313,2025-04-15 12:18:49.833130,0.2917584180831909,0.21634364128112793
1744733929.8488371,2025-04-15 12:18:49.848837,0.31080251932144165,0.20562119781970978
1744733929.8649397,2025-04-15 12:18:49.864940,0.28864313662052155,0.19390947371721268
1744733929.8834772,2025-04-15 12:18:49.883477,0.25943562388420105,0.18893160670995712
1744733929.896751,2025-04-15 12:18:49.896751,0.24718759953975677,0.17962491512298584
1744733929.9280193,2025-04-15 12:18:49.928019,0.2443632259964943,0.19334091991186142
1744733929.9453094,2025-04-15 12:18:49.945309,0.2660735249519348,0.2049587070941925
1744733929.9597704,2025-04-15 12:18:49.959770,nan,nan
1744733929.9756124,2025-04-15 12:18:49.975612,nan,nan
1744733929.991612,2025-04-15 12:18:49.991612,nan,nan
1744733930.0074677,2025-04-15 12:18:50.007468,0.26118068397045135,0.19360361993312836
1744733930.0234485,2025-04-15 12:18:50.023448,0.26331454515457153,0.21627864241600037
1744733930.0392654,2025-04-15 12:18:50.039265,0.26013489067554474,0.19737370312213898
1744733930.0571954,2025-04-15 12:18:50.057195,0.25369007140398026,0.2019975408911705
1744733930.0710754,2025-04-15 12:18:50.071075,0.24837446212768555,0.18883182853460312
1744733930.087175,2025-04-15 12:18:50.087175,0.26033684611320496,0.1969161555171013
1744733930.1028457,2025-04-15 12:18:50.102846,0.25183428078889847,0.19412177056074142
1744733930.1189435,2025-04-15 12:18:50.118943,0.23548562824726105,0.19002173840999603
1744733930.1367235,2025-04-15 12:18:50.136724,nan,nan
1744733930.1505308,2025-04-15 12:18:50.150531,0.26446667313575745,0.22556961327791214
1744733930.166288,2025-04-15 12:18:50.166288,0.25108204036951065,0.1985723152756691
1744733930.1845877,2025-04-15 12:18:50.184588,0.2640874683856964,0.19201134890317917
1744733930.199523,2025-04-15 12:18:50.199523,0.24383988976478577,0.21123909950256348
1744733930.217878,2025-04-15 12:18:50.217878,0.26312586665153503,0.19554168730974197
1744733930.234631,2025-04-15 12:18:50.234631,0.2529592961072922,0.196644626557827
1744733930.2608604,2025-04-15 12:18:50.260860,0.2477775514125824,0.20081913471221924
1744733930.276535,2025-04-15 12:18:50.276535,0.26221713423728943,0.2020244151353836
1744733930.2948568,2025-04-15 12:18:50.294857,0.2610999345779419,0.21146691590547562
1744733930.3084643,2025-04-15 12:18:50.308464,nan,nan
1744733930.3282378,2025-04-15 12:18:50.328238,0.25809116661548615,0.21300744265317917
1744733930.3405306,2025-04-15 12:18:50.340531,0.250576376914978,0.19391591846942902
1744733930.3563917,2025-04-15 12:18:50.356392,0.23987401276826859,0.18722879886627197
1744733930.3724184,2025-04-15 12:18:50.372418,0.2559403330087662,0.2002011016011238
1744733930.3880699,2025-04-15 12:18:50.388070,0.25418154895305634,0.21665380150079727
1744733930.403723,2025-04-15 12:18:50.403723,0.25406885147094727,0.2056814730167389
1744733930.4197328,2025-04-15 12:18:50.419733,0.26103413105010986,0.19493615627288818
1744733930.4357092,2025-04-15 12:18:50.435709,0.25489193946123123,0.2132854461669922
1744733930.4517283,2025-04-15 12:18:50.451728,0.2609473764896393,0.21141009777784348
1744733930.4678152,2025-04-15 12:18:50.467815,nan,nan
1744733930.4837897,2025-04-15 12:18:50.483790,0.2535664290189743,0.23265185207128525
1744733930.501735,2025-04-15 12:18:50.501735,0.25568974018096924,0.2044842466711998
1744733930.5183127,2025-04-15 12:18:50.518313,0.2361202985048294,0.20738188922405243
1744733930.5329015,2025-04-15 12:18:50.532902,0.26356396079063416,0.22218097001314163
1744733930.551572,2025-04-15 12:18:50.551572,0.2503155246376991,0.21777885407209396
1744733930.568251,2025-04-15 12:18:50.568251,0.24970559775829315,0.19920781254768372
1744733930.5947642,2025-04-15 12:18:50.594764,0.25307829678058624,0.2006356343626976
1744733930.6106527,2025-04-15 12:18:50.610653,nan,nan
1744733930.6263888,2025-04-15 12:18:50.626389,0.3343910127878189,0.2063298374414444
1744733930.6422937,2025-04-15 12:18:50.642294,0.33900129795074463,0.21887954324483871
1744733930.6582835,2025-04-15 12:18:50.658283,0.3368350714445114,0.18880171328783035
1744733930.6742427,2025-04-15 12:18:50.674243,nan,nan
1744733930.690376,2025-04-15 12:18:50.690376,0.331967830657959,0.2156597450375557
1744733930.706517,2025-04-15 12:18:50.706517,0.33241045475006104,0.21945934742689133
1744733930.722236,2025-04-15 12:18:50.722236,0.3247014880180359,0.19838350266218185
1744733930.7379925,2025-04-15 12:18:50.737993,0.3437722623348236,0.21635477989912033
1744733930.7537823,2025-04-15 12:18:50.753782,0.33549322187900543,0.20309043675661087
1744733930.769622,2025-04-15 12:18:50.769622,0.34658122062683105,0.2178804576396942
1744733930.7854495,2025-04-15 12:18:50.785450,0.33952708542346954,0.21591590344905853
1744733930.8015523,2025-04-15 12:18:50.801552,0.34165914356708527,0.2174839898943901
1744733930.8176646,2025-04-15 12:18:50.817665,0.3394468128681183,0.19314031302928925
1744733930.8333929,2025-04-15 12:18:50.833393,0.34233321249485016,0.20280437916517258
1744733930.8518229,2025-04-15 12:18:50.851823,nan,nan
1744733930.868553,2025-04-15 12:18:50.868553,0.3459864854812622,0.20973730832338333
1744733930.8851829,2025-04-15 12:18:50.885183,0.32928408682346344,0.22470147907733917
1744733930.9018445,2025-04-15 12:18:50.901845,0.33338335156440735,0.2288106381893158
1744733930.9279907,2025-04-15 12:18:50.927991,0.3174586594104767,0.1886782944202423
1744733930.9437284,2025-04-15 12:18:50.943728,nan,nan
1744733930.9598231,2025-04-15 12:18:50.959823,0.3344300240278244,0.21020345389842987
1744733930.975758,2025-04-15 12:18:50.975758,0.3348139822483063,0.203636072576046
1744733930.9918528,2025-04-15 12:18:50.991853,0.32525937259197235,0.19536703824996948
1744733931.0079277,2025-04-15 12:18:51.007928,nan,nan
1744733931.0239375,2025-04-15 12:18:51.023937,0.3293585628271103,0.21471447497606277
1744733931.0416734,2025-04-15 12:18:51.041673,0.3267757147550583,0.19844909012317657
1744733931.0555305,2025-04-15 12:18:51.055531,0.3028257042169571,0.17909028381109238
1744733931.0735257,2025-04-15 12:18:51.073526,nan,nan
1744733931.0871634,2025-04-15 12:18:51.087163,nan,nan
1744733931.1031344,2025-04-15 12:18:51.103134,0.2465641126036644,0.23812557011842728
1744733931.1191003,2025-04-15 12:18:51.119100,0.2510646805167198,0.24815545976161957
1744733931.136174,2025-04-15 12:18:51.136174,0.2578316628932953,0.2440505102276802
1744733931.1505287,2025-04-15 12:18:51.150529,0.2566019743680954,0.23686068505048752
1744733931.1664834,2025-04-15 12:18:51.166483,0.25195717066526413,0.22612295299768448
1744733931.1824477,2025-04-15 12:18:51.182448,0.25259342789649963,0.24516060948371887
1744733931.1981413,2025-04-15 12:18:51.198141,0.255518838763237,0.24313387274742126
1744733931.2188537,2025-04-15 12:18:51.218854,0.25382164865732193,0.23841918259859085
1744733931.2364957,2025-04-15 12:18:51.236496,0.24286489933729172,0.2317541390657425
1744733931.2610998,2025-04-15 12:18:51.261100,0.25370684266090393,0.22679749876260757
1744733931.2770205,2025-04-15 12:18:51.277020,0.25456738471984863,0.23634109646081924
1744733931.2949078,2025-04-15 12:18:51.294908,0.2477765902876854,0.2407640814781189
1744733931.3086479,2025-04-15 12:18:51.308648,0.2441703975200653,0.20877693593502045
1744733931.3243015,2025-04-15 12:18:51.324301,nan,nan
1744733931.3403087,2025-04-15 12:18:51.340309,0.24870500713586807,0.252517431974411
1744733931.3562646,2025-04-15 12:18:51.356265,0.3069092482328415,0.22077659517526627
1744733931.3764398,2025-04-15 12:18:51.376440,0.3272417038679123,0.22619401663541794
1744733931.3878994,2025-04-15 12:18:51.387899,0.3407410979270935,0.21485153585672379
1744733931.4038038,2025-04-15 12:18:51.403804,nan,nan
1744733931.4198732,2025-04-15 12:18:51.419873,0.32450127601623535,0.23592384904623032
1744733931.43665,2025-04-15 12:18:51.436650,0.327822744846344,0.21927222609519958
1744733931.4518602,2025-04-15 12:18:51.451860,0.3233611434698105,0.22890981286764145
1744733931.4679477,2025-04-15 12:18:51.467948,nan,nan
1744733931.4857872,2025-04-15 12:18:51.485787,0.31899040937423706,0.22549383342266083
1744733931.4995751,2025-04-15 12:18:51.499575,0.3219272345304489,0.22076120972633362
1744733931.519054,2025-04-15 12:18:51.519054,0.3108178824186325,0.2076440155506134
1744733931.5368474,2025-04-15 12:18:51.536847,nan,nan
1744733931.5470057,2025-04-15 12:18:51.547006,nan,nan
1744733931.5784447,2025-04-15 12:18:51.578445,0.32932858169078827,0.2286929115653038
1744733931.5945706,2025-04-15 12:18:51.594571,0.33337779343128204,0.24295822530984879
1744733931.6105204,2025-04-15 12:18:51.610520,0.3200332820415497,0.23898709565401077
1744733931.6264791,2025-04-15 12:18:51.626479,0.32011212408542633,0.23400571942329407
1744733931.6424744,2025-04-15 12:18:51.642474,nan,nan
1744733931.6584334,2025-04-15 12:18:51.658433,0.324516162276268,0.25021660327911377
1744733931.6746402,2025-04-15 12:18:51.674640,0.3326388746500015,0.2240167334675789
1744733931.6904132,2025-04-15 12:18:51.690413,0.33099232614040375,0.21767544001340866
1744733931.7062669,2025-04-15 12:18:51.706267,nan,nan
1744733931.7220786,2025-04-15 12:18:51.722079,0.3321348875761032,0.2244657501578331
1744733931.7375731,2025-04-15 12:18:51.737573,0.32716453075408936,0.2243848741054535
1744733931.7537544,2025-04-15 12:18:51.753754,nan,nan
1744733931.769266,2025-04-15 12:18:51.769266,nan,nan
1744733931.7853596,2025-04-15 12:18:51.785360,0.3226819187402725,0.23027163743972778
1744733931.8031206,2025-04-15 12:18:51.803121,nan,nan
1744733931.8170366,2025-04-15 12:18:51.817037,0.2562972754240036,0.238273523747921
1744733931.8378868,2025-04-15 12:18:51.837887,0.21183409541845322,0.20608824491500854
1744733931.8489914,2025-04-15 12:18:51.848991,0.22214680910110474,0.22603320330381393
1744733931.8693464,2025-04-15 12:18:51.869346,nan,nan
1744733931.8808694,2025-04-15 12:18:51.880869,0.21656543016433716,0.2135062888264656
1744733931.896958,2025-04-15 12:18:51.896958,0.21526503562927246,0.21093323826789856
1744733931.9171042,2025-04-15 12:18:51.917104,0.21850230544805527,0.19346242398023605
1744733931.9447286,2025-04-15 12:18:51.944729,0.22792033851146698,0.20404236763715744
1744733931.9608417,2025-04-15 12:18:51.960842,nan,nan
1744733931.9769692,2025-04-15 12:18:51.976969,0.11696546897292137,0.12999527156352997
1744733931.9928734,2025-04-15 12:18:51.992873,0.07521513104438782,0.11179301887750626
1744733932.0106406,2025-04-15 12:18:52.010641,0.07015198282897472,0.13173098117113113
1744733932.0244713,2025-04-15 12:18:52.024471,0.07086281105875969,0.09416638314723969
1744733932.0403216,2025-04-15 12:18:52.040322,0.07683644816279411,0.10840541124343872
1744733932.0608356,2025-04-15 12:18:52.060836,0.0827011726796627,0.13383392989635468
1744733932.0722904,2025-04-15 12:18:52.072290,0.07840165123343468,0.11427462473511696
1744733932.0879343,2025-04-15 12:18:52.087934,0.08271382749080658,0.12494942173361778
1744733932.1038935,2025-04-15 12:18:52.103894,0.08672530204057693,0.10716286301612854
1744733932.1199985,2025-04-15 12:18:52.119998,0.0796862468123436,0.11016262322664261
1744733932.138504,2025-04-15 12:18:52.138504,0.07777074724435806,0.09687352925539017
1744733932.155778,2025-04-15 12:18:52.155778,0.060277946293354034,0.09619012102484703
1744733932.1675503,2025-04-15 12:18:52.167550,-0.0026320377364754677,0.09656424820423126
1744733932.1834085,2025-04-15 12:18:52.183408,-0.000861764419823885,0.11191192641854286
1744733932.199386,2025-04-15 12:18:52.199386,-0.0029643671587109566,0.10405410453677177
1744733932.2196443,2025-04-15 12:18:52.219644,-0.022020524367690086,0.09189904481172562
1744733932.2384274,2025-04-15 12:18:52.238427,-0.013422263320535421,0.08677471056580544
1744733932.2531042,2025-04-15 12:18:52.253104,-0.012270220089703798,0.09394760057330132
1744733932.2629943,2025-04-15 12:18:52.262994,0.004491996020078659,0.11989567056298256
1744733932.294726,2025-04-15 12:18:52.294726,0.005142865353263915,0.11735865846276283
1744733932.3109176,2025-04-15 12:18:52.310918,0.008968590758740902,0.13830838352441788
1744733932.3267856,2025-04-15 12:18:52.326786,-0.0011642202734947205,0.12796148285269737
1744733932.3427312,2025-04-15 12:18:52.342731,0.003574291826225817,0.12026150897145271
1744733932.358785,2025-04-15 12:18:52.358785,-0.004833818878978491,0.11209521070122719
1744733932.374622,2025-04-15 12:18:52.374622,0.010431766044348478,0.12933748215436935
1744733932.3903046,2025-04-15 12:18:52.390305,-0.006307963049039245,0.12013772130012512
1744733932.406378,2025-04-15 12:18:52.406378,-0.008569572819396853,0.13310835510492325
1744733932.4223268,2025-04-15 12:18:52.422327,0.0030198695603758097,0.10574007406830788
1744733932.4387465,2025-04-15 12:18:52.438746,0.010359969921410084,0.12893274053931236
1744733932.454107,2025-04-15 12:18:52.454107,0.01628219976555556,0.13169965147972107
1744733932.4700916,2025-04-15 12:18:52.470092,0.029008541256189346,0.134159654378891
1744733932.4860742,2025-04-15 12:18:52.486074,0.017454485408961773,0.14174241572618484
1744733932.5018137,2025-04-15 12:18:52.501814,0.015700078569352627,0.13206930458545685
1744733932.519759,2025-04-15 12:18:52.519759,0.011910596047528088,0.11883851140737534
1744733932.5390787,2025-04-15 12:18:52.539079,0.006569981356733479,0.11866437271237373
1744733932.553354,2025-04-15 12:18:52.553354,0.0119570791721344,0.12981081753969193
1744733932.5642262,2025-04-15 12:18:52.564226,0.017998224822804332,0.11188365519046783
1744733932.586691,2025-04-15 12:18:52.586691,0.010908269134233706,0.1340472474694252
1744733932.5963628,2025-04-15 12:18:52.596363,0.010655006393790245,0.15425660461187363
1744733932.6283348,2025-04-15 12:18:52.628335,0.018366732634603977,0.13603036105632782
1744733932.6443126,2025-04-15 12:18:52.644313,0.00975410733371973,0.12938665226101875
1744733932.6601636,2025-04-15 12:18:52.660164,0.03179637575522065,0.12556229531764984
1744733932.676256,2025-04-15 12:18:52.676256,0.025383544387295842,0.11021832376718521
1744733932.6921678,2025-04-15 12:18:52.692168,0.033189053647220135,0.13554157316684723
1744733932.707925,2025-04-15 12:18:52.707925,0.03532795049250126,0.13871709257364273
1744733932.7269814,2025-04-15 12:18:52.726981,0.037345804274082184,0.14271708577871323
1744733932.7394955,2025-04-15 12:18:52.739496,0.02175574144348502,0.13194841518998146
1744733932.7553122,2025-04-15 12:18:52.755312,0.02814475540071726,0.13389481604099274
1744733932.771235,2025-04-15 12:18:52.771235,0.03542076610028744,0.12749085575342178
1744733932.7870927,2025-04-15 12:18:52.787093,0.03899909555912018,0.12245091423392296
1744733932.8031168,2025-04-15 12:18:52.803117,0.019501932431012392,0.12009597197175026
1744733932.8188488,2025-04-15 12:18:52.818849,0.038047466427087784,0.11478230729699135
1744733932.8396795,2025-04-15 12:18:52.839679,0.04391529969871044,0.14191173762083054
1744733932.8505177,2025-04-15 12:18:52.850518,0.03299463354051113,0.14084316417574883
1744733932.8684337,2025-04-15 12:18:52.868434,0.02760670194402337,0.11996393278241158
1744733932.8823898,2025-04-15 12:18:52.882390,0.04050400201231241,0.1502683013677597
1744733932.908598,2025-04-15 12:18:52.908598,0.03222579136490822,0.14530827105045319
1744733932.919309,2025-04-15 12:18:52.919309,0.026335083413869143,0.1354539543390274
1744733932.9398758,2025-04-15 12:18:52.939876,0.030383842065930367,0.1445384919643402
1744733932.96102,2025-04-15 12:18:52.961020,0.032827746123075485,0.1278514303267002
1744733932.9769738,2025-04-15 12:18:52.976974,0.03855569567531347,0.129600889980793
1744733932.993065,2025-04-15 12:18:52.993065,0.038595398887991905,0.1341932862997055
